130
0.00 63.77 80.48 89.72 98.31 128.51 127.03 120.64 80.55 107.33 77.28 94.46 127.04 118.53 123.68 15.32 9.46 46.90 47.42 44.07 103.91 102.94 94.61 101.95 17.11 66.11 79.56 54.34 45.34 76.86 98.19 70.13 71.99 77.39 126.26 125.43 118.08 130.06 108.91 110.88 38.00 91.22 108.24 116.30 125.87 119.44 119.16 73.13 26.93 33.49 87.68 85.24 102.81 62.56 70.75 65.94 58.84 99.26 67.72 90.97 104.25 104.37 99.19 77.40 102.18 80.49 124.87 99.79 81.98 83.67 83.67 82.75 82.75 80.34 82.03 58.50 97.67 34.42 37.24 35.72 30.73 34.28 32.47 28.93 32.28 36.47 33.75 41.50 47.46 59.00 32.30 79.61 58.13 55.05 59.46 37.96 96.59 35.31 87.77 19.86 33.59 12.28 45.63 51.39 50.59 54.06 48.89 46.69 46.27 85.57 70.44 64.13 16.86 24.01 16.37 110.12 87.11 107.56 134.69 109.87 100.43 78.33 121.42 63.84 87.48 78.69 114.69 97.33 102.45 89.08
63.77 0.00 144.19 149.21 153.01 89.62 86.04 82.99 107.14 79.03 19.87 156.37 181.83 173.10 178.08 53.16 58.59 71.97 69.84 68.44 162.04 166.45 158.28 164.15 53.51 86.27 107.60 9.65 83.00 133.45 148.60 99.68 10.44 13.90 176.18 180.01 172.04 181.77 158.48 161.20 78.14 59.55 77.26 170.08 181.03 173.71 175.03 98.27 57.67 87.35 34.82 40.32 45.52 124.03 126.93 128.22 118.36 143.13 131.28 154.45 167.18 163.96 162.58 141.05 156.81 144.25 82.86 79.03 91.97 88.57 88.57 90.22 90.22 103.03 91.84 95.47 93.61 29.59 35.49 37.04 42.46 38.65 37.59 38.62 33.18 27.62 30.02 22.33 35.64 42.74 95.96 117.66 109.00 109.54 103.67 93.41 128.18 92.42 28.61 54.49 50.37 51.90 72.94 93.82 91.67 99.72 73.25 69.36 69.83 28.08 124.47 127.33 80.57 87.12 80.07 77.25 44.00 164.35 187.17 167.42 163.26 141.47 170.12 20.74 114.47 25.07 85.92 116.75 77.80 46.37
80.48 144.19 0.00 37.10 58.29 195.16 195.11 187.44 105.37 170.54 156.41 26.44 75.73 70.37 74.42 92.10 86.09 98.20 100.67 98.56 49.48 23.11 14.19 29.80 93.62 107.36 103.09 134.69 84.70 45.87 70.20 97.91 152.05 157.70 87.82 75.18 71.82 86.11 77.73 77.02 82.71 159.44 172.90 71.16 73.82 71.84 66.93 104.32 94.00 65.43 164.91 160.13 180.63 29.28 47.18 23.21 38.91 85.50 13.43 12.03 27.49 44.01 20.22 3.81 60.40 4.80 193.76 159.85 124.24 129.77 129.77 126.99 126.99 110.05 124.43 85.74 146.07 114.68 114.00 112.27 106.35 110.55 109.90 107.32 111.83 116.70 114.21 121.98 121.92 129.74 48.24 88.48 62.12 54.63 74.67 60.13 105.66 58.65 166.81 92.80 103.56 92.59 95.96 77.79 79.83 72.44 99.11 100.35 99.51 164.26 53.52 18.96 63.85 57.29 64.35 175.59 161.07 56.43 87.60 55.27 24.79 10.91 87.46 141.75 107.84 156.88 176.88 122.42 164.37 162.60
89.72 149.21 37.10 0.00 21.34 182.67 183.59 175.41 82.06 157.23 157.27 16.15 41.66 34.81 39.46 96.39 91.72 88.21 90.95 89.96 15.15 37.39 37.90 22.47 106.03 90.65 79.71 139.59 73.64 18.72 34.48 77.44 155.15 161.55 50.99 40.64 35.79 50.14 40.89 39.98 74.99 149.95 160.30 34.83 39.97 36.18 32.76 83.88 92.65 62.01 162.69 155.71 178.50 28.13 24.54 27.40 31.08 51.68 36.12 32.11 30.24 14.77 33.31 35.15 23.30 41.90 182.86 145.49 105.12 111.61 111.61 108.35 108.35 87.90 105.35 68.62 127.17 120.26 114.98 113.26 107.39 111.52 111.95 110.59 116.09 122.05 120.78 128.41 120.13 124.46 60.93 62.34 45.07 41.18 56.34 55.89 76.35 56.81 167.07 94.74 101.53 101.68 86.14 63.55 66.02 56.87 88.38 90.90 90.07 164.05 29.83 33.81 76.09 66.40 76.56 163.33 155.77 20.98 52.52 21.55 27.03 26.87 50.36 141.60 82.34 156.27 162.61 96.64 150.72 156.84
98.31 153.01 58.29 21.34 0.00 175.47 176.95 168.61 70.92 150.00 158.51 36.25 28.98 20.32 25.44 101.98 98.33 85.99 88.70 88.50 16.44 57.17 58.88 40.51 115.31 83.76 68.66 143.61 72.06 21.80 14.69 68.82 157.72 164.38 31.34 27.26 19.77 32.67 19.55 18.75 75.42 145.26 153.45 18.04 28.06 21.15 22.14 74.77 95.35 66.68 162.01 153.92 177.54 43.03 27.58 44.72 41.31 33.11 55.67 53.27 48.83 23.86 53.50 56.10 3.88 63.08 176.61 137.90 95.77 102.63 102.63 99.20 99.20 77.26 96.01 63.39 117.16 125.34 117.73 116.10 110.56 114.43 115.44 114.83 120.63 126.93 126.38 133.65 121.06 123.15 73.68 50.50 44.09 44.00 51.92 61.09 60.70 63.19 167.74 99.15 103.27 109.48 84.20 61.05 63.50 54.46 85.67 88.83 88.07 164.51 28.64 52.12 87.14 76.94 87.56 156.62 153.45 13.51 36.65 17.88 46.37 47.78 29.55 142.69 69.46 156.69 154.67 82.87 143.44 154.22
128.51 89.62 195.16 182.67 175.47 0.00 5.19 7.90 105.67 25.51 70.50 195.77 199.30 191.52 195.32 113.19 119.32 97.03 94.51 96.61 190.08 212.83 207.25 203.64 128.68 92.19 107.73 92.01 111.02 163.96 164.34 106.66 80.40 82.39 185.13 197.30 189.40 193.07 170.47 173.88 112.45 37.31 22.43 187.43 199.41 191.42 195.87 100.75 104.66 129.86 55.69 49.56 53.27 167.32 158.31 173.19 158.34 149.91 181.96 201.76 209.65 195.31 208.31 191.39 178.35 197.24 8.51 37.58 80.19 73.20 73.20 76.69 76.69 99.16 79.94 114.05 60.87 102.40 92.41 93.64 97.93 94.80 97.24 101.32 100.74 100.83 105.21 101.53 81.54 69.52 152.82 125.60 137.99 143.52 126.34 135.03 122.69 136.66 65.70 109.34 95.85 121.61 99.26 119.75 117.37 126.20 96.24 94.82 95.66 64.16 152.86 176.20 142.67 143.40 142.34 19.58 46.14 188.95 199.08 193.21 205.68 188.04 178.09 72.84 109.32 64.70 21.38 100.19 32.06 43.75
127.03 86.04 195.11 183.59 176.95 5.19 0.00 8.39 107.64 27.14 66.69 196.43 201.20 193.33 197.21 111.74 117.94 97.19 94.61 96.57 191.35 213.15 207.39 204.34 126.56 93.38 109.65 88.84 111.37 164.90 166.11 108.15 76.62 78.33 187.41 199.20 191.26 195.27 172.48 175.88 112.46 36.19 23.50 189.27 201.26 193.27 197.57 102.38 103.75 129.71 51.75 46.34 48.51 167.55 159.15 173.36 158.68 152.03 181.85 201.97 210.20 196.42 208.65 191.36 179.90 197.08 3.50 39.39 82.14 75.14 75.14 78.64 78.64 101.14 81.89 115.01 63.57 100.00 90.56 91.85 96.35 93.08 95.41 99.45 98.58 98.37 102.74 98.76 79.79 68.16 152.10 127.37 138.73 144.05 127.28 135.01 125.17 136.51 61.43 108.10 94.77 119.74 99.41 120.40 117.99 126.92 96.51 94.88 95.73 60.06 153.81 176.16 141.53 142.62 141.18 20.34 43.08 190.41 201.27 194.63 206.21 188.22 180.37 69.90 111.58 61.02 24.28 102.94 33.65 40.71
120.64 82.99 187.44 175.41 168.61 7.90 8.39 0.00 99.25 18.75 64.23 188.36 192.81 184.95 188.82 105.32 111.43 89.37 86.83 88.88 183.06 205.26 199.60 196.25 120.97 85.10 101.26 84.95 103.44 156.72 157.73 99.80 74.06 76.46 179.03 190.82 182.87 186.89 164.09 167.49 104.74 29.42 15.17 180.89 192.88 184.88 189.20 94.01 96.76 122.10 49.69 42.72 49.09 159.70 151.00 165.55 150.77 143.65 174.22 194.14 202.19 188.18 200.74 183.68 171.55 189.49 9.10 31.00 73.75 66.75 66.75 70.25 70.25 92.75 73.50 106.81 55.31 94.81 84.63 85.83 90.08 86.98 89.45 93.54 93.05 93.27 97.65 94.15 73.73 61.64 144.94 118.99 130.62 136.03 119.09 127.32 116.83 128.90 60.19 101.44 87.95 113.82 91.60 112.33 109.93 118.82 88.63 87.12 87.96 58.38 145.62 168.48 134.78 135.52 134.44 12.08 39.16 182.07 192.89 186.30 198.20 180.40 171.99 65.64 103.20 58.28 16.35 94.68 25.26 36.76
80.55 107.14 105.37 82.06 70.92 105.67 107.64 99.25 0.00 80.50 104.87 97.22 93.63 85.92 89.65 72.66 73.79 37.57 38.85 41.34 86.51 117.13 114.10 104.40 94.61 20.94 2.36 99.61 35.31 64.03 58.87 10.50 107.77 114.53 80.13 91.64 83.76 87.79 64.84 68.24 42.59 79.37 84.28 81.80 93.76 85.79 90.44 8.90 58.93 54.08 103.35 93.26 117.34 76.28 59.93 82.26 66.74 44.50 94.34 107.99 111.67 92.67 112.61 101.67 73.46 108.96 107.71 68.25 25.50 32.50 32.50 29.00 29.00 6.50 25.75 23.78 46.26 87.87 74.48 73.52 70.46 72.50 75.12 77.11 82.44 88.49 90.40 95.07 71.51 66.85 80.95 20.43 43.49 51.38 31.40 54.90 21.29 58.48 111.90 66.92 60.75 85.28 37.65 32.85 32.30 35.21 35.77 39.51 39.34 108.40 53.56 88.13 82.32 75.41 82.37 87.55 91.69 84.40 93.79 88.80 108.02 95.65 73.14 90.30 7.50 101.09 84.50 18.30 74.01 91.78
107.33 79.03 170.54 157.23 150.00 25.51 27.14 18.75 80.50 0.00 62.56 170.45 174.07 166.22 170.08 92.11 97.93 72.35 69.93 72.25 164.58 187.76 182.38 178.29 109.77 66.69 82.51 78.86 86.05 138.51 139.01 81.18 71.65 75.57 160.31 172.07 164.13 168.15 145.34 148.74 87.93 19.57 4.37 162.15 174.14 166.15 170.50 75.33 82.10 105.53 50.11 40.18 55.20 142.40 132.90 148.32 133.30 124.90 157.45 176.82 184.40 169.81 183.23 166.75 152.90 172.79 27.37 12.25 55.00 48.00 48.00 51.50 51.50 74.00 54.75 88.60 37.10 85.09 73.12 74.07 77.52 74.97 77.76 81.92 82.44 83.82 88.14 85.96 62.17 49.16 129.49 100.27 112.63 118.32 100.89 110.49 98.22 112.31 61.60 87.65 73.91 101.84 74.59 94.49 92.14 100.87 71.44 70.30 71.13 58.95 127.40 151.59 120.43 120.25 120.13 7.55 36.37 163.48 174.15 167.73 180.44 163.14 153.28 59.37 84.50 56.36 7.50 76.32 6.56 34.33
77.28 19.87 156.41 157.27 158.51 70.50 66.69 64.23 104.87 62.56 0.00 166.02 186.80 178.12 182.92 64.33 70.45 73.58 71.05 70.56 169.09 177.93 170.25 173.97 69.92 84.09 105.76 25.52 86.63 140.36 152.37 98.98 9.93 13.05 179.06 184.90 176.79 185.32 161.64 164.59 83.19 43.80 60.20 174.78 186.20 178.58 180.65 96.31 64.68 95.47 15.05 22.45 26.56 133.87 133.84 138.60 127.17 144.59 143.17 165.96 177.76 171.84 173.85 153.05 162.18 156.96 63.42 64.71 85.92 81.30 81.30 83.57 83.57 99.88 85.75 97.48 83.06 43.35 42.76 44.51 50.49 46.27 46.57 49.12 45.01 41.30 44.92 38.30 37.46 38.05 108.51 118.32 114.57 116.45 107.30 101.61 126.16 101.31 10.49 63.92 55.76 66.40 75.05 97.70 95.33 104.13 74.39 70.75 71.40 8.69 130.54 138.68 94.04 99.18 93.58 59.71 26.27 170.63 190.95 174.05 173.76 152.56 172.64 15.82 111.79 6.21 68.95 111.58 62.43 28.47
94.46 156.37 26.44 16.15 36.25 195.77 196.43 188.36 97.22 170.45 166.02 0.00 49.48 44.68 48.42 103.21 97.93 99.87 102.57 101.21 24.00 21.26 22.90 8.04 109.76 104.31 94.86 146.72 85.37 33.19 50.21 91.92 163.07 169.23 63.03 49.03 46.39 60.45 55.56 54.15 85.65 162.05 173.35 46.00 47.54 46.17 40.79 98.41 101.48 70.75 172.55 166.26 188.40 32.34 37.89 28.53 39.08 67.74 31.22 17.85 14.45 17.71 17.31 25.98 37.33 30.93 195.52 158.94 119.52 125.82 125.82 122.66 122.66 102.86 119.74 82.08 141.65 126.93 123.31 121.56 115.60 119.81 119.85 118.02 123.22 128.83 127.08 134.84 129.50 135.06 63.26 77.87 57.82 52.48 69.87 64.65 92.40 64.72 176.09 102.41 110.75 106.70 97.72 76.03 78.44 69.58 100.28 102.43 101.59 173.22 43.95 31.83 79.23 70.47 79.73 176.29 166.60 31.07 61.51 29.27 10.95 19.30 63.65 150.59 97.90 165.53 176.11 112.32 164.01 167.83
127.04 181.83 75.73 41.66 28.98 199.30 201.20 192.81 93.63 174.07 186.80 49.48 0.00 8.73 4.01 130.97 127.28 113.70 116.36 116.42 26.83 65.55 71.00 48.91 143.95 109.24 91.58 172.47 100.18 50.19 35.42 93.66 186.33 193.03 20.52 2.00 10.14 13.55 29.09 25.66 103.98 171.09 177.77 12.17 2.00 8.25 8.94 99.02 124.16 95.66 189.67 181.16 205.02 68.85 56.32 68.94 69.05 49.91 77.44 66.93 56.05 31.77 63.48 74.74 25.13 80.33 201.16 161.84 119.12 126.11 126.11 122.61 122.61 100.14 119.37 90.36 139.38 154.31 146.47 144.86 139.38 143.21 144.29 143.76 149.57 155.88 155.36 162.62 149.42 150.80 101.02 73.90 72.83 72.98 79.61 90.04 78.74 92.07 195.83 128.11 131.89 138.35 112.02 89.11 91.49 82.69 113.20 116.55 115.83 192.56 57.61 75.46 115.21 105.11 115.65 181.01 180.46 20.75 12.33 20.62 55.62 66.97 25.85 171.00 90.48 184.75 178.12 102.10 167.55 181.09
118.53 173.10 70.37 34.81 20.32 191.52 193.33 184.95 85.92 166.22 178.12 44.68 8.73 0.00 5.15 122.29 118.65 105.08 107.75 107.78 20.89 62.56 67.05 45.43 135.49 101.01 83.81 163.74 91.50 41.75 27.25 85.52 177.61 184.30 19.45 6.95 2.72 15.78 22.34 19.02 95.26 162.86 169.87 4.27 8.14 1.50 6.02 91.01 115.43 86.99 181.09 172.65 196.47 61.18 47.78 61.69 60.85 42.91 70.91 62.48 53.16 27.25 59.98 69.04 16.45 75.07 193.21 154.00 111.34 118.32 118.32 114.83 114.83 92.42 111.59 81.84 131.90 145.60 137.74 136.13 130.65 134.48 135.56 135.04 140.85 147.17 146.66 153.91 140.72 142.21 93.00 65.96 64.10 64.31 70.97 81.41 71.94 83.48 187.17 119.39 123.17 129.77 103.39 80.43 82.83 73.99 104.61 107.93 107.20 183.91 48.91 68.49 106.96 96.82 107.39 173.09 171.99 14.01 17.73 15.50 52.13 61.02 22.64 162.31 83.11 176.10 170.41 95.19 159.68 172.64
123.68 178.08 74.42 39.46 25.44 195.32 197.21 188.82 89.65 170.08 182.92 48.42 4.01 5.15 0.00 127.38 123.77 109.76 112.42 112.51 25.06 65.42 70.41 48.50 140.64 105.24 87.59 168.74 96.29 46.90 31.42 89.65 182.51 189.21 18.24 2.02 6.16 12.56 25.21 21.78 100.16 167.09 173.78 8.19 4.37 4.37 7.75 95.02 120.41 92.10 185.73 177.19 201.06 66.17 52.93 66.54 65.98 46.02 75.48 66.09 55.94 30.76 63.10 73.25 21.56 79.09 197.16 157.85 115.13 122.12 122.12 118.63 118.63 96.16 115.38 86.40 135.44 150.65 142.70 141.09 135.63 139.45 140.56 140.07 145.89 152.22 151.74 158.97 145.56 146.86 98.10 69.90 69.08 69.42 75.69 86.53 74.91 88.62 191.92 124.45 128.08 134.91 108.10 85.22 87.60 78.83 109.26 112.61 111.90 188.64 54.00 73.24 112.10 101.96 112.53 177.02 176.48 18.49 13.20 19.17 55.22 65.33 22.87 167.13 86.55 180.84 174.15 98.26 163.56 177.10
15.32 53.16 92.10 96.39 101.98 113.19 111.74 105.32 72.66 92.11 64.33 103.21 130.97 122.29 127.38 0.00 6.39 36.20 36.02 32.81 109.69 113.84 106.00 111.00 22.51 55.72 72.05 43.51 39.07 81.46 99.64 62.64 60.19 66.15 127.78 129.23 121.51 132.45 110.09 112.44 32.08 75.90 92.96 119.62 129.99 123.04 123.63 64.48 14.31 35.32 73.64 70.50 89.08 70.87 75.02 75.12 65.39 97.84 78.91 101.85 114.17 111.17 109.85 88.78 105.84 92.65 109.60 84.83 70.19 71.05 71.05 70.53 70.53 71.36 70.21 52.96 84.19 23.87 22.58 20.95 15.57 19.38 18.06 15.22 20.03 25.69 24.50 32.04 32.34 43.68 44.23 75.44 59.01 57.99 57.04 41.10 90.74 39.65 74.75 6.00 18.75 12.92 35.48 47.72 46.25 52.07 38.21 35.27 35.05 72.29 73.38 74.59 30.62 34.86 30.21 94.81 72.19 112.51 137.48 115.30 110.23 88.62 122.35 50.00 79.96 65.08 99.49 88.13 87.32 74.11
9.46 58.59 86.09 91.72 98.33 119.32 117.94 111.43 73.79 97.93 70.45 97.93 127.28 118.65 123.77 6.39 0.00 38.65 38.89 35.57 105.33 108.01 100.05 105.65 20.93 58.11 72.99 48.97 39.15 77.42 96.80 63.53 66.00 71.81 124.97 125.59 117.99 129.32 107.37 109.58 31.86 82.01 98.89 116.13 126.23 119.46 119.74 65.97 17.76 31.81 79.98 76.89 95.38 65.64 71.07 69.66 60.65 96.12 72.97 96.01 108.59 106.49 104.08 82.81 102.20 86.53 115.83 90.33 73.43 74.80 74.80 74.03 74.03 73.04 73.47 52.83 88.52 29.04 28.96 27.34 21.94 25.77 24.40 21.36 25.75 30.97 29.18 36.92 38.69 49.81 38.06 74.82 56.19 54.39 55.54 37.24 90.94 35.36 80.90 10.40 24.13 12.18 37.60 46.68 45.50 50.35 40.66 38.15 37.81 78.49 69.89 68.81 24.23 28.80 23.81 100.81 78.57 108.44 134.21 111.08 104.68 82.91 119.76 56.29 80.93 71.34 105.27 89.97 93.01 80.48
46.90 71.97 98.20 88.21 85.99 97.03 97.19 89.37 37.57 72.35 73.58 99.87 113.70 105.08 109.76 36.20 38.65 0.00 2.75 3.78 98.12 115.99 110.23 107.87 58.67 19.53 37.40 63.65 14.58 69.97 78.90 28.51 74.38 81.21 105.50 111.76 103.61 111.75 88.06 91.03 15.64 62.21 74.71 101.59 113.21 105.45 108.01 28.92 21.97 33.36 76.04 68.04 91.55 70.36 63.73 76.18 61.56 71.42 85.10 104.79 113.34 102.02 111.50 94.42 89.52 100.45 96.04 61.92 35.17 37.58 37.58 36.22 36.22 35.44 35.24 23.93 52.84 50.42 37.60 36.47 32.98 35.30 37.75 39.56 44.98 51.15 52.88 57.85 36.92 37.17 59.11 45.69 43.30 47.44 34.13 38.14 57.44 40.09 82.25 30.24 23.30 49.11 2.24 25.08 22.59 31.81 2.02 2.85 2.18 78.93 59.27 79.25 53.96 50.69 53.82 77.44 67.79 98.71 117.42 102.46 109.32 91.04 99.13 57.94 45.06 71.15 78.80 52.02 66.24 68.75
47.42 69.84 100.67 90.95 88.70 94.51 94.61 86.83 38.85 69.93 71.05 102.57 116.36 107.75 112.42 36.02 38.89 2.75 0.00 3.35 100.86 118.60 112.78 110.57 58.53 19.89 38.83 61.66 17.32 72.72 81.51 30.18 72.03 78.86 108.01 114.42 106.26 114.32 90.61 93.60 17.99 59.54 72.23 104.24 115.88 108.11 110.71 30.08 21.71 35.64 73.35 65.30 88.83 72.95 66.48 78.75 64.20 73.78 87.53 107.36 116.01 104.77 114.12 96.89 92.22 102.86 93.43 59.64 34.57 36.49 36.49 35.37 35.37 36.31 34.62 26.43 51.41 49.02 35.84 34.78 31.63 33.69 36.27 38.32 43.59 49.65 51.57 56.27 34.60 34.47 61.00 47.89 46.05 50.15 36.82 40.56 59.08 42.41 79.65 30.02 21.91 48.93 4.85 27.82 25.33 34.56 3.41 0.75 1.29 76.32 62.02 81.71 55.25 52.41 55.09 74.93 65.05 101.44 120.00 105.20 111.99 93.60 101.60 55.46 46.36 68.55 76.45 52.64 63.87 66.00
44.07 68.44 98.56 89.96 88.50 96.61 96.57 88.88 41.34 72.25 70.56 101.21 116.42 107.78 112.51 32.81 35.57 3.78 3.35 0.00 100.26 116.86 110.86 109.23 55.31 22.96 41.18 60.03 16.53 71.91 81.81 32.28 71.08 77.90 108.63 114.50 106.36 114.77 91.13 94.05 15.90 61.19 74.42 104.35 115.89 108.18 110.58 32.67 18.51 33.29 73.55 65.88 89.15 71.16 65.59 76.88 62.59 74.80 85.35 105.52 114.49 103.95 112.40 94.80 92.08 100.65 95.29 62.20 37.91 39.82 39.82 38.72 38.72 39.12 37.96 27.18 54.63 46.64 33.89 32.73 29.19 31.54 33.97 35.78 41.20 47.37 49.09 54.08 33.61 34.76 58.12 49.23 45.32 48.95 36.82 38.44 61.21 40.08 79.41 26.82 19.52 45.72 4.54 27.45 25.00 34.10 5.61 2.63 2.25 76.13 61.37 79.60 52.02 49.41 51.86 77.05 65.82 101.07 120.40 104.75 110.46 91.73 102.32 54.84 48.83 68.33 78.89 55.61 66.28 66.88
103.91 162.04 49.48 15.15 16.44 190.08 191.35 183.06 86.51 164.58 169.09 24.00 26.83 20.89 25.06 109.69 105.33 98.12 100.86 100.26 0.00 43.25 46.72 26.01 120.44 97.97 84.20 152.49 83.73 28.74 31.00 83.57 167.52 174.04 39.05 26.00 22.44 36.64 33.44 31.43 86.06 158.80 167.89 22.00 25.06 22.36 17.89 89.74 104.84 74.71 173.66 166.11 189.36 43.15 35.27 42.54 45.07 49.46 50.60 41.85 34.22 7.85 40.15 48.20 15.61 54.19 190.86 152.58 110.93 117.69 117.69 114.31 114.31 92.73 111.17 76.72 132.59 133.48 127.30 125.61 119.85 123.90 124.55 123.47 129.10 135.20 134.18 141.71 131.71 135.01 75.87 66.12 54.95 52.70 64.70 68.70 77.10 70.06 178.66 107.61 113.37 115.69 96.17 73.05 75.55 66.31 98.04 100.90 100.11 175.54 38.89 48.77 90.79 80.94 91.25 171.02 165.91 7.07 38.26 6.40 32.48 40.27 40.04 153.32 85.47 167.73 169.51 99.10 158.02 166.82
102.94 166.45 23.11 37.39 57.17 212.83 213.15 205.26 117.13 187.76 177.93 21.26 65.55 62.56 65.42 113.84 108.01 115.99 118.60 116.86 43.25 0.00 9.43 17.27 116.54 122.55 114.78 156.88 101.82 53.39 71.36 111.12 174.00 179.81 81.76 65.58 64.68 77.93 76.15 74.47 100.99 178.05 190.42 64.67 63.55 64.05 57.69 117.64 114.45 84.59 185.75 180.36 201.56 45.71 57.22 40.13 54.49 89.00 35.22 12.00 9.50 35.71 4.57 25.69 57.87 24.95 212.03 176.57 138.47 144.53 144.53 141.49 141.49 122.53 138.68 100.35 160.59 136.87 135.27 133.52 127.56 131.78 131.37 129.02 133.76 138.86 136.55 144.35 142.58 149.50 70.65 98.29 75.94 69.56 88.41 78.80 113.39 78.02 188.25 114.04 123.96 115.14 113.78 93.44 95.72 87.35 116.65 118.37 117.53 185.58 63.57 39.27 86.50 79.33 87.01 193.26 181.04 50.08 77.88 47.23 10.84 25.50 83.26 162.96 118.29 178.08 193.73 132.80 181.42 182.45
94.61 158.28 14.19 37.90 58.88 207.25 207.39 199.60 114.10 182.38 170.25 22.90 71.00 67.05 70.41 106.00 100.05 110.23 112.78 110.86 46.72 9.43 0.00 22.16 107.80 118.02 111.77 148.76 96.33 51.49 72.38 107.43 166.05 171.75 85.76 70.80 68.93 82.72 78.32 77.01 94.96 171.98 184.90 68.67 69.02 68.55 62.68 113.93 107.35 78.08 178.49 173.43 194.24 40.01 54.38 34.07 49.31 89.25 27.09 6.17 16.56 39.80 8.24 17.24 60.16 15.56 206.15 171.42 134.41 140.25 140.25 137.32 137.32 119.20 134.62 96.00 156.45 128.74 127.73 125.99 120.04 124.26 123.70 121.21 125.80 130.75 128.32 136.09 135.39 142.81 62.33 95.99 71.77 64.86 84.37 72.50 112.06 71.38 180.62 106.50 116.90 106.74 108.00 88.59 90.77 82.79 111.01 112.51 111.66 178.03 60.83 31.84 78.01 71.27 78.52 187.66 174.26 53.77 83.26 51.55 15.60 19.25 86.54 155.47 115.82 170.60 188.54 130.42 176.12 175.73
101.95 164.15 29.80 22.47 40.51 203.64 204.34 196.25 104.40 178.29 173.97 8.04 48.91 45.43 48.50 111.00 105.65 107.87 110.57 109.23 26.01 17.27 22.16 0.00 117.01 112.04 102.04 154.50 93.35 40.52 54.99 99.40 170.94 177.07 64.53 48.79 47.48 60.93 59.14 57.34 93.68 170.04 181.22 47.43 46.92 46.92 40.75 105.88 109.46 78.75 180.56 174.29 196.42 40.18 45.54 36.05 47.10 73.03 37.10 18.88 8.32 18.44 14.60 30.29 40.90 33.73 203.45 166.74 127.05 133.42 133.42 130.22 130.22 110.15 127.27 89.84 149.16 134.68 131.24 129.49 123.53 127.74 127.74 125.86 131.02 136.58 134.76 142.54 137.50 143.09 70.44 84.79 65.66 60.45 77.59 72.67 98.67 72.68 184.06 110.29 118.75 114.22 105.72 83.94 86.35 77.44 108.26 110.44 109.60 181.20 51.45 38.59 86.48 77.94 86.98 184.18 174.64 32.82 61.21 30.02 6.72 25.06 65.99 158.56 104.80 173.52 183.90 119.11 171.84 175.86
17.11 53.51 93.62 106.03 115.31 128.68 126.56 120.97 94.61 109.77 69.92 109.76 143.95 135.49 140.64 22.51 20.93 58.67 58.53 55.31 120.44 116.54 107.80 117.01 0.00 78.20 93.86 44.93 60.08 93.76 115.30 84.40 62.97 67.40 143.37 142.37 135.08 147.15 126.01 127.99 52.79 92.01 110.00 133.32 142.75 136.42 135.98 86.65 36.81 50.48 82.28 82.04 96.35 78.42 87.73 81.29 75.41 116.05 81.51 104.71 118.67 120.56 113.06 90.85 119.17 93.00 124.04 103.87 92.61 93.21 93.21 92.85 92.85 93.63 92.62 73.74 105.76 27.25 36.66 35.71 32.97 34.91 32.03 27.87 27.98 29.16 25.14 31.74 47.64 60.63 46.58 95.55 75.16 72.16 75.87 55.07 111.86 52.41 80.22 28.51 39.86 9.60 57.87 67.32 66.27 70.54 60.68 57.78 57.56 78.56 87.53 78.63 30.54 39.67 30.04 111.44 84.53 124.31 151.74 126.49 114.98 92.74 138.52 58.82 101.80 72.56 117.27 110.49 105.64 86.73
66.11 86.27 107.36 90.65 83.76 92.19 93.38 85.10 20.94 66.69 84.09 104.31 109.24 101.01 105.24 55.72 58.11 19.53 19.89 22.96 97.97 122.55 118.02 112.04 78.20 0.00 21.68 78.90 24.88 71.93 73.82 15.80 86.83 93.59 97.90 107.25 99.14 105.05 81.45 84.71 30.59 61.85 69.94 97.12 109.09 101.11 104.86 12.23 41.46 46.72 83.25 73.55 97.70 78.27 66.51 84.35 68.76 62.33 94.99 112.18 118.48 103.12 117.98 103.56 86.85 110.27 92.92 54.85 17.70 22.46 22.46 19.91 19.91 16.99 17.84 22.25 38.78 68.21 54.31 53.48 51.04 52.62 55.43 57.82 62.84 68.65 70.91 75.04 50.67 46.04 74.11 35.97 46.65 53.16 34.45 49.81 42.19 52.72 91.38 49.75 41.40 68.63 20.52 29.57 27.60 35.24 17.52 20.62 20.73 87.90 60.83 88.83 71.53 66.72 71.47 73.05 72.30 97.15 110.97 101.32 114.59 98.86 91.09 69.39 28.20 80.48 71.96 32.80 60.16 72.64
79.56 107.60 103.09 79.71 68.66 107.73 109.65 101.26 2.36 82.51 105.76 94.86 91.58 83.81 87.59 72.05 72.99 37.40 38.83 41.18 84.20 114.78 111.77 102.04 93.86 21.68 0.00 99.94 34.23 61.67 56.72 9.46 108.45 115.23 78.31 89.58 81.68 85.91 62.85 66.24 41.57 81.02 86.26 79.71 91.68 83.70 88.29 9.45 58.48 52.48 104.54 94.55 118.66 74.04 57.59 80.00 64.51 42.63 92.12 105.66 109.31 90.35 110.27 99.40 71.22 106.70 109.67 70.27 27.54 34.53 34.53 31.04 31.04 8.63 27.79 22.20 48.50 87.80 74.59 73.58 70.36 72.52 75.08 76.96 82.36 88.47 90.27 95.10 71.96 67.71 79.19 18.17 41.28 49.20 29.29 53.12 20.59 56.73 112.93 66.37 60.67 84.59 37.34 31.17 30.75 33.24 35.66 39.46 39.24 109.44 51.21 85.91 80.90 73.82 80.97 89.51 93.05 82.14 91.90 86.54 105.66 93.35 71.34 91.05 7.95 102.08 86.60 20.20 76.00 93.19
54.34 9.65 134.69 139.59 143.61 92.01 88.84 84.95 99.61 78.86 25.52 146.72 172.47 163.74 168.74 43.51 48.97 63.65 61.66 60.03 152.49 156.88 148.76 154.50 44.93 78.90 99.94 0.00 74.10 123.93 139.45 91.74 18.05 23.06 167.15 170.66 162.72 172.62 149.43 152.10 69.00 59.32 77.60 160.77 171.65 164.38 165.60 90.71 48.34 77.78 39.39 42.50 52.06 114.38 117.41 118.58 108.72 134.44 121.73 144.88 157.55 154.35 152.99 131.52 147.42 134.81 85.83 77.36 85.94 83.10 83.10 84.46 84.46 95.81 85.83 86.84 89.58 20.02 26.49 27.94 33.13 29.48 28.18 29.02 23.54 18.02 20.68 13.25 28.39 37.62 86.45 109.24 99.66 100.04 94.66 83.82 120.46 82.79 35.51 44.89 41.45 42.63 64.48 84.81 82.70 90.59 65.04 61.14 61.55 34.20 115.03 117.74 71.18 77.55 70.68 77.99 45.87 154.86 177.97 157.89 153.64 131.86 161.17 19.56 107.02 29.31 86.05 110.14 76.84 48.26
45.34 83.00 84.70 73.64 72.06 111.02 111.37 103.44 35.31 86.05 86.63 85.37 100.18 91.50 96.29 39.07 39.15 14.58 17.32 16.53 83.73 101.82 96.33 93.35 60.08 24.88 34.23 74.10 0.00 55.45 65.92 24.83 86.53 93.31 93.22 98.27 90.16 99.04 75.57 78.37 7.35 76.69 88.62 88.15 99.59 91.95 94.17 28.47 27.02 21.85 90.06 82.39 105.68 56.35 49.18 62.27 47.33 60.51 71.83 90.77 98.92 87.50 97.30 80.90 75.67 87.21 110.32 75.16 42.57 46.80 46.80 44.60 44.60 35.78 42.71 13.89 62.96 58.33 47.61 46.17 41.43 44.69 46.48 47.16 53.01 59.46 60.27 66.37 49.31 51.30 49.24 36.56 28.82 32.90 20.78 25.38 51.82 28.03 95.71 33.89 32.66 51.07 12.51 11.07 8.74 17.60 14.92 17.27 16.45 92.46 44.85 65.83 47.71 42.07 47.71 91.44 82.26 84.56 104.56 88.22 94.91 77.09 87.12 70.84 42.14 84.65 92.24 52.65 79.79 83.26
76.86 133.45 45.87 18.72 21.80 163.96 164.90 156.72 64.03 138.51 140.36 33.19 50.19 41.75 46.90 81.46 77.42 69.97 72.72 71.91 28.74 53.39 51.49 40.52 93.76 71.93 61.67 123.93 55.45 0.00 27.18 58.90 138.81 145.34 52.21 48.61 41.48 54.38 37.04 37.77 57.40 131.43 141.60 39.81 49.01 42.72 42.36 65.37 76.13 46.24 145.10 137.78 160.85 23.08 6.54 26.52 19.62 39.95 39.12 45.32 47.64 32.05 48.94 42.75 25.60 50.33 164.20 126.77 86.56 92.99 92.99 89.77 89.77 69.67 86.79 49.91 108.66 105.12 98.60 96.91 91.18 95.20 95.91 94.94 100.63 106.80 105.95 113.39 102.99 106.59 52.00 44.90 26.67 23.98 37.63 40.36 60.57 42.07 149.96 79.10 84.64 88.26 67.95 45.09 47.58 38.36 70.04 72.70 71.89 146.86 11.11 34.21 65.34 55.16 65.76 144.63 137.70 31.05 58.45 33.97 44.00 35.05 49.08 124.59 64.91 139.04 143.89 79.42 132.01 138.71
98.19 148.60 70.20 34.48 14.69 164.34 166.11 157.73 58.87 139.01 152.37 50.21 35.42 27.25 31.42 99.64 96.80 78.90 81.51 81.81 31.00 71.36 72.38 54.99 115.30 73.82 56.72 139.45 65.92 27.18 0.00 58.28 152.45 159.21 28.17 33.43 25.32 33.17 10.76 12.80 70.47 135.68 142.64 23.30 35.28 27.29 31.57 63.77 91.21 65.09 154.65 145.94 169.88 50.26 30.59 53.39 45.81 18.46 65.55 66.54 63.28 38.54 67.52 67.60 15.73 74.92 165.98 126.80 84.21 91.17 91.17 87.69 87.69 65.34 84.45 55.26 105.02 122.16 113.11 111.57 106.36 109.99 111.37 111.28 117.17 123.59 123.54 130.45 115.19 115.83 77.44 38.75 40.65 43.25 45.14 60.23 46.66 63.01 161.15 96.07 98.28 108.53 77.34 54.91 57.18 48.88 78.28 81.75 81.06 157.83 28.38 61.08 89.14 78.95 89.50 145.86 145.16 26.85 38.64 31.35 60.65 59.37 23.32 136.63 56.53 150.05 143.29 69.35 132.47 145.75
70.13 99.68 97.91 77.44 68.82 106.66 108.15 99.80 10.50 81.18 98.98 91.92 93.66 85.52 89.65 62.64 63.53 28.51 30.18 32.28 83.57 111.12 107.43 99.40 84.40 15.80 9.46 91.74 24.83 58.90 58.28 0.00 101.09 107.91 82.10 91.67 83.59 89.26 65.68 68.97 32.14 77.50 84.65 81.58 93.57 85.57 89.53 6.52 49.18 43.84 98.81 89.27 113.41 68.64 54.09 74.70 59.02 46.55 86.34 101.41 106.29 89.15 106.57 94.15 71.75 101.26 107.88 69.09 27.67 34.23 34.23 30.93 30.93 12.56 27.90 13.70 49.76 78.90 66.02 64.93 61.45 63.80 66.26 67.96 73.46 79.65 81.30 86.36 64.11 61.03 70.95 20.17 35.81 43.35 23.24 45.02 28.93 48.52 106.64 57.00 51.80 75.14 28.25 22.87 22.07 26.14 26.89 30.77 30.46 103.18 47.97 80.11 71.87 65.13 71.92 87.84 88.08 82.30 95.18 86.56 102.51 88.61 75.29 83.91 17.41 95.65 85.95 28.41 74.62 88.43
71.99 10.44 152.05 155.15 157.72 80.40 76.62 74.06 107.77 71.65 9.93 163.07 186.33 177.61 182.51 60.19 66.00 74.38 72.03 71.08 167.52 174.00 166.05 170.94 62.97 86.83 108.45 18.05 86.53 138.81 152.45 101.09 0.00 6.84 179.63 184.46 176.41 185.56 162.04 164.88 82.35 52.52 69.50 174.42 185.62 178.14 179.83 99.02 62.68 93.14 24.97 31.87 35.07 130.76 132.27 135.21 124.59 145.80 138.97 162.00 174.32 169.84 170.03 148.81 161.46 152.33 73.36 72.94 90.52 86.45 86.45 88.44 88.44 103.18 90.37 98.25 89.73 37.57 40.22 41.92 47.76 43.65 43.27 45.11 40.25 35.52 38.59 31.29 37.47 41.36 103.87 119.84 113.63 114.83 107.31 99.26 129.02 98.60 18.17 60.68 54.45 60.51 75.61 97.54 95.27 103.74 75.43 71.64 72.20 17.71 129.39 134.77 88.85 94.78 88.36 69.18 35.67 169.46 191.08 172.70 170.37 148.81 173.38 17.66 114.92 15.79 78.24 115.88 71.08 37.95
77.39 13.90 157.70 161.55 164.38 82.39 78.33 76.46 114.53 75.57 13.05 169.23 193.03 184.30 189.21 66.15 71.81 81.21 78.86 77.90 174.04 179.81 171.75 177.07 67.40 93.59 115.23 23.06 93.31 145.34 159.21 107.91 6.84 0.00 186.43 191.17 183.12 192.34 168.84 171.67 89.05 56.86 73.13 181.14 192.31 184.85 186.48 105.79 69.22 99.54 26.77 35.41 33.84 136.90 138.80 141.26 130.89 152.63 144.71 167.81 180.32 176.26 175.89 154.51 168.13 157.86 74.97 77.71 96.98 92.76 92.76 94.83 94.83 109.89 96.83 105.08 95.48 43.03 46.75 48.43 54.20 50.14 49.60 51.22 46.13 41.01 43.71 36.13 44.30 47.99 109.47 126.68 120.29 121.37 114.09 105.66 135.79 104.90 17.40 66.92 61.13 65.66 82.44 104.31 102.04 110.47 82.26 78.47 79.04 18.28 136.00 140.62 94.23 100.51 93.74 72.54 39.23 176.05 197.85 179.26 176.38 154.71 180.20 24.29 121.65 19.23 81.87 122.43 75.49 41.37
126.26 176.18 87.82 50.99 31.34 185.13 187.41 179.03 80.13 160.31 179.06 63.03 20.52 19.45 18.24 127.78 124.97 105.50 108.01 108.63 39.05 81.76 85.76 64.53 143.37 97.90 78.31 167.15 93.22 52.21 28.17 82.10 179.63 186.43 0.00 19.21 17.12 8.49 17.75 15.40 98.18 159.21 164.21 17.12 22.02 18.03 25.08 86.68 119.05 93.25 180.42 171.21 195.32 74.30 57.06 76.03 71.80 35.72 86.65 80.87 72.42 46.14 78.99 86.09 28.22 92.60 187.64 148.07 105.45 112.42 112.42 108.94 108.94 86.55 105.70 81.58 124.49 150.16 140.72 139.21 134.13 137.67 139.16 139.21 145.11 151.55 151.60 158.43 142.22 141.89 104.09 61.94 68.81 71.22 72.51 88.32 62.72 91.00 187.51 124.13 125.81 136.69 104.11 82.36 84.52 76.62 104.68 108.31 107.68 184.12 56.01 83.37 116.63 106.40 117.02 167.49 170.14 31.99 14.25 34.53 71.18 77.84 7.05 163.43 75.83 176.41 163.79 85.96 153.88 170.52
125.43 180.01 75.18 40.64 27.26 197.30 199.20 190.82 91.64 172.07 184.90 49.03 2.00 6.95 2.02 129.23 125.59 111.76 114.42 114.50 26.00 65.58 70.80 48.79 142.37 107.25 89.58 170.66 98.27 48.61 33.43 91.67 184.46 191.17 19.21 0.00 8.17 12.79 27.12 23.69 102.12 169.10 175.77 10.20 2.83 6.32 8.25 97.02 122.34 93.94 187.73 179.20 203.06 67.59 54.69 67.83 67.59 47.94 76.55 66.60 56.09 31.33 63.38 74.09 23.39 79.81 199.16 159.84 117.12 124.11 124.11 120.61 120.61 98.14 117.37 88.40 137.40 152.54 144.63 143.02 137.56 141.38 142.48 141.97 147.78 154.11 153.61 160.85 147.53 148.86 99.64 71.90 71.00 71.26 77.68 88.35 76.79 90.41 193.91 126.33 130.03 136.70 110.10 87.20 89.58 80.80 111.26 114.61 113.89 190.63 55.86 74.44 113.73 103.61 114.17 179.01 178.49 19.66 12.49 19.92 55.51 66.24 24.25 169.10 88.50 182.83 176.13 100.15 165.55 179.11
118.08 172.04 71.82 35.79 19.77 189.40 191.26 182.87 83.76 164.13 176.79 46.39 10.14 2.72 6.16 121.51 117.99 103.61 106.26 106.36 22.44 64.68 68.93 47.48 135.08 99.14 81.68 162.72 90.16 41.48 25.32 83.59 176.41 183.12 17.12 8.17 0.00 14.37 19.81 16.45 94.08 160.99 167.81 2.03 10.01 2.03 8.74 89.00 114.38 86.26 179.57 171.03 194.90 61.56 47.35 62.34 60.80 40.48 71.90 64.23 55.31 29.17 61.99 70.37 15.92 76.55 191.18 151.91 109.22 116.21 116.21 112.71 112.71 90.26 109.47 80.24 129.66 144.71 136.64 135.04 129.60 133.40 134.54 134.09 139.92 146.26 145.84 153.03 139.43 140.69 93.07 63.91 63.06 63.60 69.54 80.76 69.49 82.93 185.78 118.50 122.00 129.21 101.95 79.08 81.46 72.71 103.10 106.46 105.74 182.49 48.13 69.28 106.81 96.63 107.23 171.04 170.33 15.41 17.18 17.46 54.16 62.27 19.98 160.99 80.83 174.69 168.26 92.78 157.61 170.95
130.06 181.77 86.11 50.14 32.67 193.07 195.27 186.89 87.79 168.15 185.32 60.45 13.55 15.78 12.56 132.45 129.32 111.75 114.32 114.77 36.64 77.93 82.72 60.93 147.15 105.05 85.91 172.62 99.04 54.38 33.17 89.26 185.56 192.34 8.49 12.79 14.37 0.00 23.76 20.72 103.64 166.60 172.01 15.37 15.37 14.29 20.25 94.07 124.36 97.51 187.12 178.10 202.16 75.40 59.81 76.46 73.95 43.29 86.24 78.23 68.46 42.95 75.53 84.71 29.04 90.83 195.44 155.90 113.21 120.20 120.20 116.70 116.70 94.25 113.46 87.92 132.54 155.21 146.29 144.74 139.52 143.16 144.52 144.38 150.26 156.67 156.52 163.51 148.25 148.44 106.34 69.11 73.47 75.09 78.25 92.30 70.89 94.76 193.95 129.06 131.45 140.84 110.27 88.05 90.30 82.05 111.03 114.59 113.92 190.59 59.64 83.51 119.58 109.36 119.99 175.28 177.13 29.69 6.00 31.21 67.65 76.63 15.32 169.62 83.75 182.84 171.75 94.19 161.70 177.58
108.91 158.48 77.73 40.89 19.55 170.47 172.48 164.09 64.84 145.34 161.64 55.56 29.09 22.34 25.21 110.09 107.37 88.06 90.61 91.13 33.44 76.15 78.32 59.14 126.01 81.45 62.85 149.43 75.57 37.04 10.76 65.68 162.04 168.84 17.75 27.12 19.81 23.76 0.00 3.44 80.45 143.14 149.11 18.07 29.50 21.81 27.88 70.69 101.31 75.73 163.36 154.36 178.41 59.98 41.01 62.63 56.16 20.81 74.33 72.78 67.44 41.29 72.66 75.43 18.29 82.52 172.53 133.09 90.34 97.34 97.34 93.84 93.84 71.34 90.59 64.20 110.35 132.41 123.01 121.50 116.39 119.95 121.42 121.46 127.36 133.80 133.86 140.68 124.67 124.69 88.02 45.60 51.19 53.99 54.82 70.94 49.72 73.75 170.22 106.39 108.11 119.16 86.62 64.66 66.85 58.88 87.31 90.89 90.24 166.85 39.10 70.25 99.88 89.68 100.24 152.37 153.42 27.54 29.58 31.67 65.31 67.11 12.57 145.97 61.43 159.11 149.23 73.05 138.84 153.89
110.88 161.20 77.02 39.98 18.75 173.88 175.88 167.49 68.24 148.74 164.59 54.15 25.66 19.02 21.78 112.44 109.58 91.03 93.60 94.05 31.43 74.47 77.01 57.34 127.99 84.71 66.24 152.10 78.37 37.77 12.80 68.97 164.88 171.67 15.40 23.69 16.45 20.72 3.44 0.00 83.10 146.45 152.50 14.77 26.08 18.44 24.66 74.03 103.91 77.85 166.46 157.52 181.55 60.46 42.15 62.81 57.15 24.25 74.20 71.59 65.61 39.25 71.10 74.85 16.86 81.81 175.92 136.49 93.74 100.74 100.74 97.24 97.24 74.74 93.99 67.21 113.79 134.92 125.72 124.19 119.03 122.62 124.05 124.01 129.90 136.34 136.32 143.20 127.55 127.75 89.25 48.92 53.44 55.86 57.59 72.93 53.14 75.64 173.23 108.84 110.85 121.29 89.55 67.41 69.64 61.51 90.31 93.86 93.20 169.88 40.73 70.35 101.46 91.24 101.83 155.76 156.61 25.20 26.44 29.16 63.63 66.52 11.31 148.90 64.87 162.13 152.65 76.47 142.24 157.10
38.00 78.14 82.71 74.99 75.42 112.45 112.46 104.74 42.59 87.93 83.19 85.65 103.98 95.26 100.16 32.08 31.86 15.64 17.99 15.90 86.06 100.99 94.96 93.68 52.79 30.59 41.57 69.00 7.35 57.40 70.47 32.14 82.35 89.05 98.18 102.12 94.08 103.64 80.45 83.10 0.00 77.07 90.20 92.10 103.27 95.80 97.55 35.51 20.97 17.73 87.74 80.79 103.53 55.28 50.94 60.98 46.83 66.44 69.54 89.62 98.77 89.25 96.54 78.94 79.14 84.87 111.19 77.56 48.03 51.62 51.62 49.73 49.73 42.81 48.15 21.00 67.47 52.33 42.66 41.11 35.94 39.52 40.98 41.23 47.13 53.59 54.08 60.50 45.73 49.53 44.10 43.36 31.39 33.81 25.86 22.59 59.08 24.45 92.63 27.15 27.92 43.84 13.43 16.09 14.32 21.60 16.85 17.64 16.81 89.49 47.36 63.75 41.07 36.24 41.03 92.88 80.99 87.44 109.03 90.89 94.73 75.83 92.30 67.38 49.48 81.67 94.43 59.74 81.85 82.19
91.22 59.55 159.44 149.95 145.26 37.31 36.19 29.42 79.37 19.57 43.80 162.05 171.09 162.86 167.09 75.90 82.01 62.21 59.54 61.19 158.80 178.05 171.98 170.04 92.01 61.85 81.02 59.32 76.69 131.43 135.68 77.50 52.52 56.86 159.21 169.10 160.99 166.60 143.14 146.45 77.07 0.00 18.48 158.97 170.94 162.96 166.62 72.54 67.57 94.02 32.88 21.98 41.79 132.35 125.41 138.05 123.73 123.49 146.12 166.69 175.55 163.34 173.59 155.72 148.47 161.27 34.46 21.37 55.07 48.58 48.58 51.81 51.81 73.15 54.83 82.10 43.87 66.46 55.46 56.60 60.70 57.69 60.24 64.37 64.25 65.07 69.44 66.78 44.50 32.22 115.93 97.54 104.88 109.58 94.13 99.48 99.24 100.79 44.33 72.05 58.62 84.59 64.39 86.41 83.93 93.09 61.77 59.73 60.58 41.32 120.46 140.52 105.42 106.44 105.08 19.49 18.41 158.52 172.56 162.57 171.53 152.90 152.29 39.81 84.76 37.66 26.75 79.69 18.63 16.90
108.24 77.26 172.90 160.30 153.45 22.43 23.50 15.17 84.28 4.37 60.20 173.35 177.77 169.87 173.78 92.96 98.89 74.71 72.23 74.42 167.89 190.42 184.90 181.22 110.00 69.94 86.26 77.60 88.62 141.60 142.64 84.65 69.50 73.13 164.21 175.77 167.81 172.01 149.11 152.50 90.20 18.48 0.00 165.82 177.81 169.82 174.08 78.89 83.45 107.71 47.23 37.75 51.48 144.95 135.92 150.83 135.94 128.74 159.75 179.39 187.22 173.02 185.90 169.12 156.40 175.06 23.43 16.19 58.80 51.81 51.81 55.31 55.31 77.79 58.55 91.69 41.36 84.82 73.35 74.39 78.11 75.37 78.06 82.21 82.43 83.47 87.82 85.26 62.37 49.59 131.21 103.91 115.57 121.09 103.97 112.79 102.25 114.50 58.64 88.69 75.01 102.30 76.95 97.32 94.94 103.78 73.89 72.56 73.40 56.13 130.50 153.94 121.72 121.89 121.41 3.30 33.92 166.91 178.01 171.14 183.25 165.68 157.18 58.04 88.43 54.00 8.75 80.49 10.34 31.76
116.30 170.08 71.16 34.83 18.04 187.43 189.27 180.89 81.80 162.15 174.78 46.00 12.17 4.27 8.19 119.62 116.13 101.59 104.24 104.35 22.00 64.67 68.67 47.43 133.32 97.12 79.71 160.77 88.15 39.81 23.30 81.58 174.42 181.14 17.12 10.20 2.03 15.37 18.07 14.77 92.10 158.97 165.82 0.00 12.00 4.00 10.00 87.00 112.43 84.39 177.54 169.00 192.87 60.18 45.61 61.11 59.20 38.65 70.90 63.85 55.37 29.03 61.87 69.62 14.21 75.92 189.18 149.93 107.25 114.23 114.23 110.74 110.74 88.30 107.49 78.21 127.73 142.79 134.67 133.07 127.65 131.44 132.58 132.16 137.99 144.34 143.93 151.11 137.43 138.67 91.52 61.91 61.11 61.74 67.53 78.91 67.68 81.12 183.76 116.58 120.02 127.39 99.93 77.08 79.45 70.72 101.07 104.44 103.72 180.47 46.26 68.14 105.15 94.96 105.57 169.05 168.30 14.92 18.69 17.46 54.07 61.47 19.26 158.99 78.91 172.67 166.30 90.94 155.62 168.92
125.87 181.03 73.82 39.97 28.06 199.41 201.26 192.88 93.76 174.14 186.20 47.54 2.00 8.14 4.37 129.99 126.23 113.21 115.88 115.89 25.06 63.55 69.02 46.92 142.75 109.09 91.68 171.65 99.59 49.01 35.28 93.57 185.62 192.31 22.02 2.83 10.01 15.37 29.50 26.08 103.27 170.94 177.81 12.00 0.00 8.00 7.21 99.00 123.36 94.68 189.22 180.79 204.60 67.32 55.21 67.31 67.72 50.29 75.66 64.97 54.05 29.84 61.48 72.86 24.23 78.41 201.18 161.91 119.22 126.21 126.21 122.71 122.71 100.26 119.47 89.98 139.62 153.39 145.71 144.09 138.58 142.43 143.47 142.89 148.69 154.98 154.41 161.70 148.79 150.34 99.60 73.91 72.05 72.00 79.09 89.01 79.22 90.97 195.28 127.20 131.17 137.23 111.51 88.53 90.93 82.07 112.75 116.06 115.33 192.02 56.69 73.76 113.89 103.81 114.33 181.05 180.13 19.15 14.33 18.79 53.62 65.12 27.06 170.39 90.76 184.21 178.26 102.55 167.61 180.78
119.44 173.71 71.84 36.18 21.15 191.42 193.27 184.88 85.79 166.15 178.58 46.17 8.25 1.50 4.37 123.04 119.46 105.45 108.11 108.18 22.36 64.05 68.55 46.92 136.42 101.11 83.70 164.38 91.95 42.72 27.29 85.57 178.14 184.85 18.03 6.32 2.03 14.29 21.81 18.44 95.80 162.96 169.82 4.00 8.00 0.00 7.21 91.00 116.05 87.77 181.43 172.93 196.78 62.40 48.69 62.99 61.92 42.51 72.30 63.98 54.64 28.75 61.48 70.49 17.27 76.55 193.18 153.92 111.24 118.22 118.22 114.73 114.73 92.29 111.49 82.12 131.69 146.30 138.33 136.72 131.27 135.08 136.19 135.71 141.53 147.86 147.40 154.61 141.20 142.55 94.12 65.91 64.72 65.09 71.37 82.22 71.51 84.34 187.59 120.09 123.72 130.63 103.78 80.88 83.26 74.48 104.96 108.30 107.58 184.31 49.66 69.83 107.99 97.84 108.42 173.05 172.24 15.45 16.41 17.00 53.62 62.46 21.43 162.78 82.86 176.51 170.29 94.80 159.62 172.87
119.16 175.03 66.93 32.76 22.14 195.87 197.57 189.20 90.44 170.50 180.65 40.79 8.94 6.02 7.75 123.63 119.74 108.01 110.71 110.58 17.89 57.69 62.68 40.75 135.98 104.86 88.29 165.60 94.17 42.36 31.57 89.53 179.83 186.48 25.08 8.25 8.74 20.25 27.88 24.66 97.55 166.62 174.08 10.00 7.21 7.21 0.00 95.19 117.39 88.33 184.06 175.84 199.53 60.17 48.68 60.10 60.79 48.12 68.49 58.40 48.22 23.10 55.35 65.87 18.50 71.56 197.38 158.31 115.76 122.72 122.72 119.24 119.24 96.91 116.01 85.12 136.57 147.15 139.80 138.16 132.59 136.49 137.45 136.75 142.51 148.77 148.10 155.44 143.20 145.18 92.53 70.27 66.20 65.70 73.89 82.57 77.17 84.42 189.86 121.00 125.39 130.62 106.25 83.14 85.58 76.58 107.64 110.85 110.11 186.63 50.56 66.55 106.94 96.90 107.39 177.29 175.29 11.99 20.71 11.70 47.47 58.06 28.63 164.83 87.94 178.81 174.84 100.31 163.95 176.01
73.13 98.27 104.32 83.88 74.77 100.75 102.38 94.01 8.90 75.33 96.31 98.41 99.02 91.01 95.02 64.48 65.97 28.92 30.08 32.67 89.74 117.64 113.93 105.88 86.65 12.23 9.45 90.71 28.47 65.37 63.77 6.52 99.02 105.79 86.68 97.02 89.00 94.07 70.69 74.03 35.51 72.54 78.89 87.00 99.00 91.00 95.19 0.00 50.56 48.79 95.26 85.38 109.52 75.04 60.60 81.11 65.42 50.97 92.66 107.92 112.79 95.43 113.09 100.56 77.60 107.64 102.21 63.17 21.27 27.96 27.96 24.59 24.59 7.32 21.51 19.35 43.30 79.09 65.60 64.66 61.70 63.66 66.32 68.38 73.66 79.67 81.64 86.22 62.63 58.27 76.16 25.13 42.26 49.72 29.66 50.47 30.00 53.86 103.54 58.66 51.99 77.22 29.17 28.42 27.28 32.29 27.07 30.75 30.62 100.06 54.47 86.43 76.11 69.90 76.13 82.11 83.98 88.27 100.03 92.57 109.02 95.08 79.78 81.60 16.36 92.67 79.90 24.24 68.77 84.19
