110
0.00 2.50 5.79 67.48 55.25 18.25 53.59 90.98 85.52 78.06 74.31 74.92 80.33 81.07 78.72 75.73 98.48 100.55 92.18 12.43 73.46 77.20 88.88 101.25 92.78 96.78 13.28 7.59 68.63 74.08 15.52 91.03 102.09 117.72 123.90 46.58 22.98 9.30 56.29 7.79 60.97 65.75 61.63 97.73 91.67 88.91 98.85 91.22 95.20 72.68 76.05 6.25 104.04 89.95 90.87 101.20 122.62 111.78 72.81 57.32 96.00 114.31 121.82 99.61 56.81 54.41 61.61 78.84 71.75 89.65 117.89 101.05 100.71 112.55 93.71 100.34 102.72 114.60 86.98 56.76 33.16 33.16 30.58 30.58 16.27 28.36 12.37 37.78 36.03 34.28 32.54 26.57 30.79 30.55 70.05 72.10 74.52 73.27 81.43 83.17 88.71 85.79 91.04 36.67 54.32 69.79 25.81 58.91 61.89 102.57
2.50 0.00 3.78 69.95 55.31 19.98 53.44 92.93 87.49 78.38 74.38 75.02 82.38 78.65 76.22 73.24 100.97 103.05 94.67 11.16 75.95 79.69 86.38 98.77 90.28 94.28 15.75 10.01 69.01 74.52 17.41 88.60 99.63 115.76 121.96 47.37 23.97 6.82 58.78 6.37 58.48 63.26 61.38 99.62 93.83 86.48 96.36 88.73 92.71 70.20 73.57 5.15 105.74 92.10 88.43 98.71 120.74 109.63 72.79 57.93 95.57 116.15 123.42 102.11 54.31 51.92 59.11 77.29 69.97 87.84 116.02 98.56 98.42 110.41 91.71 98.39 100.82 116.79 88.75 57.62 35.10 35.10 32.41 32.41 16.34 30.05 9.91 40.28 38.53 36.78 35.03 29.06 33.29 33.05 71.09 73.27 75.82 74.52 82.79 84.42 90.02 84.93 90.33 34.36 52.62 68.97 23.50 57.93 60.96 104.70
5.79 3.78 0.00 72.18 52.75 20.32 50.65 93.33 87.94 76.07 71.81 72.47 83.05 75.48 73.64 70.48 103.44 105.52 97.14 13.03 78.39 82.14 83.68 96.52 87.66 91.66 18.19 12.35 66.81 72.40 21.15 85.47 96.64 112.02 118.21 45.80 22.92 4.51 61.16 3.00 55.69 60.48 58.49 99.87 94.79 83.36 93.68 85.91 89.90 67.31 70.70 2.62 105.56 93.02 85.32 96.44 116.97 106.00 70.12 56.05 92.46 116.30 123.04 104.77 51.86 49.47 56.65 73.53 66.19 84.06 112.26 95.79 94.96 106.77 87.99 94.65 97.06 117.83 88.76 56.09 35.67 35.67 32.74 32.74 14.18 30.13 8.46 43.07 41.33 39.59 37.85 31.92 36.11 35.88 69.82 72.21 74.97 73.56 82.01 83.46 89.16 81.50 87.01 33.26 48.85 65.57 20.09 54.43 57.48 105.57
67.48 69.95 72.18 0.00 80.49 54.82 83.28 47.45 43.20 89.05 91.79 91.68 36.32 145.69 145.70 142.28 31.92 33.98 25.69 76.69 8.06 11.32 155.55 168.68 159.65 163.64 54.20 59.98 81.49 83.36 59.33 155.77 167.57 171.19 176.73 63.09 59.68 76.51 11.59 72.09 127.48 132.27 89.83 54.89 38.33 153.73 165.55 157.45 161.45 138.79 142.19 70.64 67.07 37.73 155.73 168.60 174.14 169.74 92.75 70.74 119.36 69.72 84.83 34.84 124.03 121.64 128.81 127.08 124.77 141.81 169.43 167.47 162.07 170.16 149.25 154.44 155.75 56.26 52.11 65.15 42.96 42.96 46.35 46.35 67.72 49.51 79.85 31.33 32.95 34.59 36.24 41.93 37.89 38.14 66.21 63.57 61.06 62.28 63.30 67.49 69.05 119.74 121.03 103.52 108.22 106.31 90.80 100.70 102.15 48.36
55.25 55.31 52.75 80.49 0.00 43.20 4.87 70.54 66.83 23.91 19.08 19.73 66.08 86.43 95.59 90.29 110.07 111.93 104.47 65.75 88.55 91.67 102.11 120.09 106.82 110.32 54.59 53.49 15.75 21.51 66.94 95.40 107.95 94.34 99.25 17.45 34.71 55.03 74.74 49.78 78.32 82.10 9.38 73.86 79.48 93.83 111.03 101.74 105.33 85.52 88.40 50.39 73.12 77.50 95.68 119.76 96.05 96.75 17.63 12.72 43.00 86.73 86.38 114.51 80.12 78.43 83.59 50.05 51.88 65.95 91.52 111.39 94.12 96.78 75.51 79.01 79.44 100.40 61.37 18.31 42.15 42.15 40.15 40.15 39.01 38.49 58.30 68.36 67.41 66.49 65.61 62.86 64.76 64.69 29.60 34.17 39.02 36.59 45.38 44.25 50.24 39.37 41.57 76.81 40.82 26.19 51.93 24.15 24.16 87.21
18.25 19.98 20.32 54.82 43.20 0.00 42.95 73.05 67.64 63.95 61.54 62.00 62.73 90.87 91.60 87.87 86.68 88.75 80.40 30.65 61.80 65.52 101.15 115.24 105.38 109.36 11.55 12.44 54.32 59.35 24.51 100.96 112.78 120.10 126.01 30.80 8.68 24.78 44.72 19.01 73.14 77.91 51.21 79.67 74.58 98.92 111.14 102.85 106.84 84.21 87.61 18.02 85.80 72.78 100.91 115.12 124.05 116.67 60.62 42.16 85.96 96.18 103.58 88.87 70.42 68.07 75.11 77.84 73.13 90.94 119.28 112.91 107.81 117.22 96.96 102.85 104.68 97.66 68.77 40.49 15.35 15.35 12.45 12.45 12.99 10.11 28.78 30.05 28.56 27.11 25.69 21.23 24.32 24.17 52.91 54.55 56.67 55.56 63.48 65.41 70.81 78.85 82.91 53.56 55.73 63.10 36.38 53.88 56.34 85.29
53.59 53.44 50.65 83.28 4.87 42.95 0.00 75.11 71.30 27.47 21.61 22.39 70.34 81.57 90.85 85.52 113.32 115.21 107.62 63.56 91.32 94.53 97.29 115.31 102.00 105.48 54.09 52.48 20.06 25.70 66.04 90.54 103.08 90.29 95.32 20.30 34.30 52.61 77.01 47.66 73.68 77.40 8.27 78.57 83.78 88.96 106.18 96.89 100.47 80.73 83.60 48.41 77.97 81.79 90.81 114.98 92.23 92.29 19.58 17.38 43.07 91.56 91.23 117.57 75.64 74.00 79.04 45.87 47.23 61.67 87.66 106.53 89.38 92.34 71.04 74.73 75.27 104.92 66.06 22.75 43.62 43.62 41.31 41.31 37.34 39.33 55.69 69.47 68.42 67.40 66.41 63.27 65.45 65.36 34.45 39.00 43.83 41.41 50.23 49.12 55.10 37.30 40.35 73.23 35.95 23.03 48.31 19.60 19.93 91.70
90.98 92.93 93.33 47.45 70.54 73.05 75.11 0.00 5.52 65.18 71.50 70.92 12.08 153.95 159.55 154.91 58.75 59.76 56.04 103.03 52.07 52.40 167.76 184.11 172.35 176.14 79.68 83.98 62.14 60.54 90.42 163.55 176.09 163.94 168.43 58.22 72.04 97.74 53.74 91.74 141.04 145.51 77.84 7.71 13.90 161.78 177.35 168.31 172.15 150.53 153.76 90.94 19.71 12.78 163.72 183.89 164.82 167.26 73.85 57.82 95.85 24.24 37.47 65.56 140.20 138.03 144.58 120.26 122.34 136.24 160.51 178.33 164.27 167.25 146.02 149.28 149.45 29.98 10.51 52.38 57.82 57.82 60.60 60.60 82.33 63.25 101.77 67.70 68.57 69.46 70.39 73.79 71.35 71.53 42.76 38.08 33.16 35.62 29.58 33.32 30.90 103.47 101.72 126.44 109.58 94.94 106.19 94.67 94.60 17.06
85.52 87.49 87.94 43.20 66.83 67.64 71.30 5.52 0.00 63.12 69.04 68.51 7.02 149.39 154.66 150.08 57.13 58.30 53.90 97.55 48.33 48.97 162.98 179.18 167.55 171.36 74.17 78.50 59.37 58.23 84.90 159.04 171.57 160.69 165.30 53.79 66.81 92.35 48.86 86.38 136.11 140.62 74.46 13.01 14.02 157.25 172.62 163.62 167.47 145.74 148.98 85.56 23.98 12.31 159.20 178.97 161.79 163.57 71.24 54.16 94.15 29.71 42.25 63.74 135.14 132.95 139.55 116.76 118.45 132.72 157.42 173.66 160.18 163.60 142.33 145.77 146.05 33.65 10.37 48.55 52.38 52.38 55.20 55.20 77.09 57.88 96.39 62.34 63.17 64.04 64.95 68.30 65.89 66.07 40.01 35.45 30.72 33.08 28.25 32.30 30.88 100.88 99.49 121.08 105.31 91.70 101.05 90.90 90.97 20.41
78.06 78.38 76.07 89.05 23.91 63.95 27.47 65.18 63.12 0.00 8.19 7.27 64.93 104.77 116.07 110.54 115.01 116.65 110.16 89.10 96.91 99.45 121.51 140.10 126.21 129.44 75.49 75.36 9.63 5.70 88.39 112.90 125.17 101.38 105.25 33.51 56.10 78.63 86.13 73.15 99.76 103.14 22.74 66.02 77.05 111.57 129.79 120.51 123.82 105.67 108.29 73.63 61.25 75.23 113.28 139.72 101.28 107.45 11.32 22.10 31.32 75.25 70.53 120.48 102.38 100.86 105.51 60.47 66.20 76.03 97.25 129.67 108.27 107.15 86.87 88.54 87.98 94.58 54.77 25.77 58.55 58.55 57.64 57.64 62.04 56.98 82.02 84.57 83.98 83.42 82.90 81.37 82.41 82.39 23.92 27.97 32.44 30.19 35.80 32.65 37.28 39.04 36.58 100.64 59.93 34.77 75.73 40.39 38.56 82.16
74.31 74.38 71.81 91.79 19.08 61.54 21.61 71.50 69.04 8.19 0.00 0.96 70.24 96.71 108.29 102.73 119.03 120.74 113.93 84.80 99.77 102.52 113.54 132.20 118.24 121.43 73.06 72.32 10.38 11.07 85.66 104.77 117.02 93.77 97.80 32.41 53.28 74.01 87.89 68.83 92.23 95.51 15.48 72.88 82.81 103.46 121.75 112.47 115.76 97.85 100.41 69.46 68.81 80.92 105.16 131.82 93.94 99.45 3.14 21.80 27.59 82.82 78.61 124.22 95.12 93.69 98.12 52.37 58.00 68.01 89.81 121.58 100.09 99.18 78.79 80.61 80.14 101.21 61.25 26.83 58.10 58.10 56.73 56.73 58.08 55.62 77.20 84.46 83.71 83.00 82.31 80.21 81.66 81.62 29.10 33.59 38.38 35.98 42.58 39.79 44.78 32.00 30.60 94.63 52.10 26.60 69.72 32.44 30.48 88.56
74.92 75.02 72.47 91.68 19.73 62.00 22.39 70.92 68.51 7.27 0.96 0.00 69.79 97.67 109.25 103.69 118.77 120.46 113.70 85.48 99.64 102.37 114.50 133.16 119.20 122.39 73.53 72.86 10.19 10.41 86.17 105.72 117.97 94.53 98.53 32.68 53.78 74.71 87.89 69.50 93.18 96.46 16.39 72.22 82.31 104.41 122.70 113.43 116.71 98.80 101.37 70.12 68.04 80.43 106.11 132.78 94.65 100.30 4.09 21.93 27.68 82.05 77.74 123.99 96.06 94.61 99.06 53.24 58.94 68.87 90.54 122.54 101.00 100.03 79.66 81.44 80.95 100.59 60.64 26.82 58.34 58.34 57.02 57.02 58.70 55.97 77.92 84.68 83.95 83.25 82.58 80.55 81.95 81.91 28.62 33.06 37.82 35.44 41.92 39.07 44.01 32.63 31.05 95.47 53.06 27.51 70.56 33.40 31.44 87.97
80.33 82.38 83.05 36.32 66.08 62.73 70.34 12.08 7.02 64.93 70.24 69.79 0.00 146.70 151.22 146.78 52.32 53.65 48.61 92.17 41.73 42.58 159.80 175.62 164.32 168.18 68.59 73.15 60.22 59.75 78.91 156.47 168.94 160.37 165.17 51.79 62.61 87.51 41.84 81.65 132.62 137.19 74.22 19.78 13.50 154.63 169.53 160.63 164.52 142.54 145.83 80.73 30.99 11.50 156.60 175.43 161.80 162.53 72.21 53.63 96.21 36.23 49.26 58.68 131.29 129.06 135.77 116.13 117.15 132.00 157.35 170.71 158.42 162.62 141.30 145.06 145.52 35.98 16.14 47.80 47.38 47.38 50.39 50.39 72.83 53.24 91.50 55.67 56.56 57.49 58.46 62.03 59.47 59.65 41.20 36.96 32.65 34.78 31.64 35.90 35.50 101.70 100.84 116.29 103.30 91.59 97.03 89.89 90.21 22.96
81.07 78.65 75.48 145.69 86.43 90.87 81.57 153.95 149.39 104.77 96.71 97.67 146.70 0.00 18.50 14.11 177.53 179.61 171.24 77.33 152.58 156.32 17.85 36.92 22.25 24.97 93.39 87.65 100.43 105.35 94.83 10.09 22.26 54.83 60.65 95.76 86.81 71.86 135.39 74.72 22.64 19.05 82.72 158.52 159.98 8.06 25.05 15.83 19.05 12.19 10.74 76.33 159.26 158.01 10.06 36.44 62.31 40.71 93.59 98.37 96.32 172.59 172.77 179.49 30.16 31.95 26.88 50.79 40.68 43.49 58.96 24.99 24.24 42.07 36.14 42.75 46.50 182.62 146.01 102.81 103.96 103.96 100.46 100.46 78.01 97.21 69.76 118.35 116.63 114.91 113.19 107.32 111.47 111.25 115.87 120.27 124.92 122.59 131.60 130.67 136.67 77.53 85.10 55.57 45.64 71.39 55.54 64.44 66.23 169.44
78.72 76.22 73.64 145.70 95.59 91.60 90.85 159.55 154.66 116.07 108.29 109.25 151.22 18.50 0.00 5.73 177.08 179.16 170.78 72.32 152.03 155.78 10.72 24.68 14.10 18.08 91.81 85.97 110.57 115.87 90.66 21.71 26.94 72.87 78.50 102.18 89.20 69.46 134.79 73.61 18.63 14.04 93.44 164.77 164.14 20.17 20.34 14.60 18.04 10.58 8.86 75.07 166.87 162.22 21.05 24.41 80.43 57.87 105.25 106.63 111.31 179.70 181.57 178.32 22.03 24.41 17.26 66.83 55.87 61.39 77.26 23.05 40.75 59.31 54.59 61.25 65.00 187.15 152.45 110.38 105.96 105.96 102.53 102.53 79.44 99.35 66.52 116.48 114.73 112.98 111.23 105.26 109.48 109.25 124.19 128.30 132.68 130.48 139.64 139.22 145.31 92.75 100.42 46.99 56.19 84.51 55.23 75.93 78.22 174.17
75.73 73.24 70.48 142.28 90.29 87.87 85.52 154.91 150.08 110.54 102.73 103.69 146.78 14.11 5.73 0.00 173.82 175.90 167.51 70.08 148.76 152.51 13.28 29.80 17.59 21.53 88.67 82.83 105.16 110.43 88.26 19.64 27.43 68.94 74.73 97.31 85.08 66.43 131.51 70.26 14.81 10.01 87.94 160.01 159.79 17.76 23.27 15.64 19.56 4.89 3.50 71.76 161.88 157.86 19.09 29.49 76.42 54.55 99.67 101.47 105.59 174.80 176.40 175.25 19.98 22.24 15.57 61.16 50.16 56.11 73.06 25.32 37.68 55.94 49.75 56.59 60.33 182.74 147.64 105.33 101.98 101.98 98.53 98.53 75.49 95.32 63.70 113.50 111.75 110.01 108.26 102.30 106.51 106.28 119.04 123.20 127.63 125.41 134.55 134.06 140.14 87.02 94.70 45.75 50.63 78.82 51.53 70.33 72.59 169.71
98.48 100.97 103.44 31.92 110.07 86.68 113.32 58.75 57.13 115.01 119.03 118.77 52.32 177.53 177.08 173.82 0.00 2.08 6.31 106.74 25.06 21.31 187.06 199.69 191.09 195.09 85.29 91.13 108.66 109.48 88.67 187.62 199.35 202.38 207.80 93.02 91.57 107.66 42.31 103.56 159.01 163.81 119.24 64.06 45.09 185.57 197.06 189.09 193.09 170.44 173.84 102.06 76.95 45.99 187.56 199.64 205.05 201.43 120.44 99.22 146.18 73.51 91.18 7.12 155.27 152.87 160.06 158.06 156.26 173.07 200.38 199.07 193.97 201.81 180.80 185.81 186.99 49.54 67.50 93.35 74.74 74.74 78.16 78.16 99.61 81.35 110.81 61.03 62.77 64.51 66.25 72.19 67.98 68.23 91.18 87.58 83.92 85.73 83.86 88.14 87.74 148.73 149.21 133.77 139.93 136.21 122.46 131.48 132.71 49.51
100.55 103.05 105.52 33.98 111.93 88.75 115.21 59.76 58.30 116.65 120.74 120.46 53.65 179.61 179.16 175.90 2.08 0.00 8.39 108.80 27.14 23.39 189.14 201.76 193.17 197.17 87.37 93.21 110.37 111.13 90.71 189.69 201.43 204.35 209.76 94.91 93.62 109.74 44.39 105.64 161.09 165.89 121.08 64.90 46.02 187.64 199.14 191.17 195.17 172.52 175.91 104.14 77.74 46.99 189.64 201.72 206.99 203.44 122.18 101.02 147.84 73.95 91.68 7.04 157.35 154.95 162.14 160.01 158.26 175.04 202.33 201.15 196.02 203.82 182.80 187.79 188.96 49.50 68.67 95.14 76.77 76.77 80.20 80.20 101.68 83.39 112.89 63.10 64.84 66.57 68.31 74.26 70.05 70.30 92.78 89.14 85.42 87.27 85.24 89.51 89.00 150.54 150.96 135.83 141.95 138.09 124.54 133.42 134.63 50.02
92.18 94.67 97.14 25.69 104.47 80.40 107.62 56.04 53.90 110.16 113.93 113.70 48.61 171.24 170.78 167.51 6.31 8.39 0.00 100.51 18.75 15.00 180.75 193.40 184.78 188.78 78.99 84.82 103.55 104.58 82.48 181.33 193.05 196.44 201.89 87.32 85.37 101.36 36.00 97.25 152.70 157.50 113.69 61.86 42.77 179.28 190.75 182.78 186.78 164.13 167.53 95.75 74.83 43.42 181.27 193.35 199.19 195.32 115.25 93.83 141.21 72.52 89.91 10.33 148.96 146.57 153.76 152.16 150.22 167.10 194.51 192.76 187.76 195.72 174.74 179.81 181.03 50.21 64.23 87.99 68.58 68.58 71.99 71.99 93.34 75.17 104.52 54.78 56.51 58.24 59.98 65.92 61.72 61.96 86.42 82.98 79.50 81.22 79.86 84.16 84.11 143.31 143.96 127.53 133.81 130.57 116.15 125.63 126.91 48.49
12.43 11.16 13.03 76.69 65.75 30.65 63.56 103.03 97.55 89.10 84.80 85.48 92.17 77.33 72.32 70.08 106.74 108.80 100.51 0.00 82.00 85.68 82.84 93.50 86.39 90.35 23.80 19.05 79.82 85.40 18.45 86.97 97.21 118.88 125.17 58.50 35.13 11.28 65.21 15.98 55.75 60.37 71.30 109.89 103.16 84.83 92.66 85.71 89.61 67.67 70.93 15.50 116.41 101.50 86.71 93.50 124.36 111.26 83.07 68.95 104.95 126.52 134.23 107.22 50.33 47.97 55.07 82.98 74.57 92.04 119.72 95.19 98.72 112.16 94.67 101.68 104.39 125.93 99.28 68.75 45.33 45.33 42.89 42.89 27.14 40.76 9.73 45.76 44.04 42.32 40.61 34.78 38.90 38.65 82.26 84.41 86.91 85.63 93.85 95.53 101.10 93.23 99.05 27.03 57.91 77.46 25.66 66.04 69.18 114.15
73.46 75.95 78.39 8.06 88.55 61.80 91.32 52.07 48.33 96.91 99.77 99.64 41.73 152.58 152.03 148.76 25.06 27.14 18.75 82.00 0.00 3.75 162.00 174.70 166.03 170.03 60.25 66.08 89.46 91.22 64.15 162.67 174.35 179.01 184.58 71.14 67.09 82.62 17.25 78.50 133.95 138.75 97.89 59.20 41.40 160.61 172.00 164.04 168.04 145.39 148.79 77.00 71.79 41.17 162.60 174.65 182.03 177.34 100.76 78.78 127.33 73.06 88.98 27.20 130.23 127.83 135.02 134.98 132.49 149.62 177.32 174.01 169.40 177.78 156.94 162.20 163.56 56.68 57.81 73.16 50.60 50.60 53.93 53.93 74.78 57.04 85.81 36.24 37.96 39.68 41.40 47.30 43.12 43.37 73.88 71.09 68.39 69.71 70.23 74.47 75.67 127.80 129.08 108.99 115.83 114.35 97.42 108.65 110.13 50.47
77.20 79.69 82.14 11.32 91.67 65.52 94.53 52.40 48.97 99.45 102.52 102.37 42.58 156.32 155.78 152.51 21.31 23.39 15.00 85.68 3.75 0.00 165.75 178.43 169.78 173.78 63.99 69.83 92.18 93.78 67.79 166.41 178.09 182.49 188.04 74.31 70.73 86.37 21.00 82.25 137.70 142.50 101.00 59.32 41.05 164.35 175.75 167.79 171.79 149.14 152.54 80.75 72.07 41.00 166.34 178.38 185.46 180.94 103.58 81.70 130.04 72.61 88.90 23.59 133.97 131.57 138.76 138.40 136.03 153.11 180.75 177.76 173.07 181.36 160.50 165.72 167.05 54.98 58.72 76.02 54.17 54.17 57.52 57.52 78.49 60.65 89.54 39.92 41.65 43.37 45.10 51.01 46.82 47.07 76.23 73.28 70.39 71.81 71.91 76.18 77.12 130.86 132.01 112.68 119.42 117.56 101.17 112.02 113.46 49.56
88.88 86.38 83.68 155.55 102.11 101.15 97.29 167.76 162.98 121.51 113.54 114.50 159.80 17.85 10.72 13.28 187.06 189.14 180.75 82.84 162.00 165.75 0.00 19.09 4.72 8.38 101.87 96.03 116.64 121.75 101.13 15.50 16.79 67.87 73.09 109.94 98.29 79.59 144.75 83.51 28.07 23.27 99.14 172.74 172.87 14.88 10.00 4.92 7.50 17.26 14.00 85.00 174.27 170.93 14.75 18.63 75.56 51.86 110.45 113.62 114.13 187.33 188.44 188.45 32.51 34.87 27.81 68.64 58.43 60.79 72.85 12.37 34.73 53.35 52.45 58.37 62.07 195.78 160.32 117.69 115.22 115.22 111.76 111.76 88.75 108.55 76.78 126.66 124.91 123.16 121.41 115.44 119.67 119.43 131.19 135.45 139.96 137.70 146.81 146.15 152.21 95.35 102.93 57.70 61.74 88.71 64.81 81.12 83.12 182.71
101.25 98.77 96.52 168.68 120.09 115.24 115.31 184.11 179.18 140.10 132.20 133.16 175.62 36.92 24.68 29.80 199.69 201.76 193.40 93.50 174.70 178.43 19.09 0.00 14.71 12.98 114.51 108.70 134.91 140.12 111.94 32.64 26.60 82.99 87.59 126.85 113.34 92.17 157.55 96.81 43.07 38.65 117.58 189.40 188.45 32.74 14.74 21.78 20.26 34.58 31.82 98.17 191.55 186.54 31.94 0.60 90.65 66.21 129.12 131.25 133.22 204.37 206.19 200.55 44.83 47.19 40.14 87.69 77.52 79.27 88.52 17.85 49.99 67.72 70.29 75.64 79.23 211.50 177.09 135.05 129.90 129.90 126.51 126.51 103.41 123.37 88.89 138.74 136.99 135.25 133.50 127.53 131.75 131.51 148.82 152.95 157.34 155.14 164.29 163.84 169.93 114.44 122.02 66.79 80.19 107.66 79.05 99.76 101.87 198.58
92.78 90.28 87.66 159.65 106.82 105.38 102.00 172.35 167.55 126.21 118.24 119.20 164.32 22.25 14.10 17.59 191.09 193.17 184.78 86.39 166.03 169.78 4.72 14.71 0.00 4.00 105.84 100.00 121.36 126.46 104.75 18.44 16.34 70.25 75.26 114.57 102.67 83.51 148.79 87.57 32.24 27.47 103.85 177.36 177.36 18.26 6.41 7.28 7.28 21.81 18.63 89.04 178.95 175.42 17.71 14.21 77.95 53.89 115.14 118.31 118.58 191.99 193.15 192.38 36.12 38.51 31.35 73.00 62.92 64.68 75.46 9.71 37.00 55.39 55.97 61.62 65.28 200.29 164.95 122.37 119.56 119.56 116.11 116.11 93.06 112.90 80.60 130.55 128.80 127.05 125.30 119.33 123.55 123.32 135.89 140.14 144.64 142.38 151.50 150.86 156.91 99.79 107.35 60.80 66.45 93.35 69.01 85.82 87.81 187.24
96.78 94.28 91.66 163.64 110.32 109.36 105.48 176.14 171.36 129.44 121.43 122.39 168.18 24.97 18.08 21.53 195.09 197.17 188.78 90.35 170.03 173.78 8.38 12.98 4.00 0.00 109.84 104.00 124.74 129.79 108.72 19.70 14.80 70.36 75.15 118.30 106.60 87.51 152.79 91.57 36.22 31.45 107.17 181.11 181.23 19.94 3.01 9.22 7.28 25.63 22.38 93.04 182.59 179.30 19.01 12.41 78.05 53.74 118.33 121.89 121.14 195.67 196.67 196.38 40.10 42.49 35.32 75.42 65.61 66.45 75.77 6.80 37.22 55.25 57.33 62.66 66.25 204.15 168.69 126.00 123.51 123.51 120.05 120.05 97.02 116.85 84.59 134.55 132.80 131.05 129.30 123.32 127.55 127.31 139.46 143.74 148.27 146.00 155.10 154.41 160.45 102.33 109.85 64.67 69.81 96.33 72.99 89.05 90.97 191.09
13.28 15.75 18.19 54.20 54.59 11.55 54.09 79.68 74.17 75.49 73.06 73.53 68.59 93.39 91.81 88.67 85.29 87.37 78.99 23.80 60.25 63.99 101.87 114.51 105.84 109.84 0.00 5.84 65.86 70.86 13.14 103.42 114.73 127.03 133.09 42.26 19.89 22.37 43.05 18.67 73.87 78.67 62.36 86.71 79.39 101.32 111.86 104.08 108.07 85.47 88.86 17.06 93.96 77.73 103.29 114.44 131.45 122.28 72.08 53.65 97.16 103.44 112.14 86.58 69.98 67.58 74.77 86.13 80.32 98.28 126.68 113.97 112.12 122.95 103.37 109.66 111.76 102.14 76.59 51.76 22.77 22.77 21.11 21.11 19.69 20.00 25.65 24.97 23.25 21.52 19.81 14.00 18.10 17.87 63.68 64.98 66.68 65.78 73.25 75.50 80.66 89.29 93.68 49.73 62.72 73.37 37.84 63.52 66.19 90.39
7.59 10.01 12.35 59.98 53.49 12.44 52.48 83.98 78.50 75.36 72.32 72.86 73.15 87.65 85.97 82.83 91.13 93.21 84.82 19.05 66.08 69.83 96.03 108.70 100.00 104.00 5.84 0.00 65.78 71.01 13.58 97.67 108.94 122.21 128.31 42.75 19.27 16.55 48.88 12.98 68.04 72.83 60.71 90.86 84.30 95.57 106.02 98.25 102.24 79.65 83.04 11.34 97.59 82.60 97.54 108.64 126.79 117.06 71.11 53.93 95.45 107.52 115.57 92.42 64.15 61.75 68.94 81.97 75.69 93.67 122.04 108.14 106.63 117.76 98.41 104.82 107.02 107.17 80.37 52.66 26.35 26.35 24.10 24.10 16.12 22.30 19.91 30.75 29.02 27.28 25.55 19.67 23.83 23.60 65.32 67.00 69.07 68.00 75.84 77.83 83.19 86.59 91.34 44.24 58.10 70.59 32.12 60.29 63.09 95.24
68.63 69.01 66.81 81.49 15.75 54.32 20.06 62.14 59.37 9.63 10.38 10.19 60.22 100.43 110.57 105.16 108.66 110.37 103.55 79.82 89.46 92.18 116.64 134.91 121.36 124.74 65.86 65.78 0.00 5.79 78.77 109.01 121.46 102.10 106.42 23.93 46.51 69.51 77.85 63.92 93.64 97.28 17.85 64.09 72.99 107.56 125.28 115.98 119.45 100.34 103.11 64.33 61.20 71.08 109.34 134.56 102.73 106.68 12.00 12.58 37.87 75.14 72.71 113.84 95.70 94.06 99.07 59.34 63.50 75.28 98.47 125.42 105.97 106.52 85.68 88.14 87.98 92.04 52.10 16.85 49.18 49.18 48.15 48.15 52.71 47.41 72.99 75.34 74.70 74.09 73.52 71.85 72.99 72.96 19.40 24.07 29.01 26.54 34.01 31.82 37.37 41.53 40.79 92.38 54.93 33.44 67.56 36.27 35.12 79.20
74.08 74.52 72.40 83.36 21.51 59.35 25.70 60.54 58.23 5.70 11.07 10.41 59.75 105.35 115.87 110.43 109.48 111.13 104.58 85.40 91.22 93.78 121.75 140.12 126.46 129.79 70.86 71.01 5.79 0.00 83.85 113.77 126.16 104.75 108.83 28.65 51.75 75.17 80.45 69.52 99.10 102.68 22.63 61.82 72.09 112.36 130.27 120.97 124.39 105.58 108.31 69.90 57.90 70.23 114.12 139.77 104.99 110.09 13.75 17.21 36.73 71.90 68.40 114.90 101.30 99.68 104.62 62.84 67.72 78.64 100.85 130.32 110.08 109.86 89.26 91.35 90.99 90.18 50.24 20.33 53.27 53.27 52.51 52.51 58.26 52.01 78.68 79.15 78.60 78.08 77.60 76.24 77.16 77.15 18.58 22.85 27.51 25.16 31.52 28.76 33.87 43.04 41.26 98.17 60.01 36.89 73.35 40.96 39.53 77.59
15.52 17.41 21.15 59.33 66.94 24.51 66.04 90.42 84.90 88.39 85.66 86.17 78.91 94.83 90.66 88.26 88.67 90.71 82.48 18.45 64.15 67.79 101.13 111.94 104.75 108.72 13.14 13.58 78.77 83.85 0.00 104.64 115.21 133.17 139.36 55.31 32.40 23.58 47.75 23.29 73.76 78.44 74.28 97.69 88.75 102.51 110.99 103.88 107.81 85.65 88.96 21.71 105.66 87.23 104.42 111.95 138.11 126.91 84.54 66.67 109.03 114.48 124.05 88.92 68.65 66.27 73.41 94.26 87.26 105.17 133.39 113.46 115.34 127.71 109.11 115.80 118.21 110.97 88.17 64.89 35.18 35.18 33.93 33.93 29.52 33.07 25.11 28.03 26.38 24.74 23.12 17.77 21.52 21.28 76.77 77.96 79.51 78.70 85.95 88.34 93.38 100.03 104.88 45.33 69.83 84.02 40.56 73.52 76.39 99.85
91.03 88.60 85.47 155.77 95.40 100.96 90.54 163.55 159.04 112.90 104.77 105.72 156.47 10.09 21.71 19.64 187.62 189.69 181.33 86.97 162.67 166.41 15.50 32.64 18.44 19.70 103.42 97.67 109.01 113.77 104.64 0.00 12.57 52.40 57.71 105.33 96.86 81.80 145.47 84.75 31.58 27.40 91.21 167.99 169.79 2.14 18.66 11.18 12.53 19.96 17.23 86.36 168.42 167.82 0.75 32.08 60.08 36.62 101.63 107.53 102.42 181.85 181.58 189.57 38.51 40.52 34.63 56.58 47.50 46.82 57.35 17.33 19.42 38.10 37.65 43.19 46.84 192.36 155.46 112.12 114.01 114.01 110.51 110.51 88.09 107.26 79.60 128.39 126.67 124.94 123.22 117.34 121.50 121.27 124.95 129.41 134.12 131.76 140.71 139.64 145.60 83.62 91.03 64.33 54.61 78.91 65.58 72.81 74.37 179.16
102.09 99.63 96.64 167.57 107.95 112.78 103.08 176.09 171.57 125.17 117.02 117.97 168.94 22.26 26.94 27.43 199.35 201.43 193.05 97.21 174.35 178.09 16.79 26.60 16.34 14.80 114.73 108.94 121.46 126.16 115.21 12.57 0.00 56.57 61.03 117.87 108.96 92.80 157.12 96.10 41.47 36.85 103.64 180.55 182.24 14.32 12.17 12.35 9.41 29.56 26.28 97.68 180.98 180.26 12.37 26.00 64.20 39.69 113.88 120.10 113.58 194.42 194.07 201.13 47.40 49.63 42.99 67.85 59.40 56.65 62.27 8.75 24.12 41.19 46.45 50.79 54.18 204.85 168.03 124.69 126.10 126.10 122.60 122.60 100.00 119.35 90.36 139.69 137.95 136.22 134.48 128.56 132.75 132.52 137.50 141.97 146.69 144.33 153.27 152.18 158.12 94.87 102.13 73.18 67.17 90.97 76.99 85.22 86.69 191.65
117.72 115.76 112.02 171.19 94.34 120.10 90.29 163.94 160.69 101.38 93.77 94.53 160.37 54.83 72.87 68.94 202.38 204.35 196.44 118.88 179.01 182.49 67.87 82.99 70.25 70.36 127.03 122.21 102.10 104.75 133.17 52.40 56.57 0.00 6.33 110.12 113.01 109.93 163.04 110.05 74.05 72.10 86.24 166.18 173.71 53.34 68.26 63.28 63.28 66.54 65.56 111.70 162.57 171.73 53.15 82.39 7.70 16.99 91.00 106.75 77.86 176.58 171.16 206.00 82.05 83.13 80.06 44.51 46.97 29.39 6.48 65.24 33.25 15.52 24.21 17.39 15.47 193.92 154.11 112.57 128.55 128.55 125.34 125.34 107.83 122.38 109.51 150.14 148.62 147.10 145.60 140.48 144.09 143.91 121.29 126.03 131.02 128.52 136.05 133.50 138.54 62.77 67.47 104.21 64.44 69.01 93.35 71.16 70.38 180.90
123.90 121.96 118.21 176.73 99.25 126.01 95.32 168.43 165.30 105.25 97.80 98.53 165.17 60.65 78.50 74.73 207.80 209.76 201.89 125.17 184.58 188.04 73.09 87.59 75.26 75.15 133.09 128.31 106.42 108.83 139.36 57.71 61.03 6.33 0.00 115.29 118.82 116.16 168.72 116.22 80.21 78.17 90.95 170.47 178.45 58.76 72.93 68.41 68.18 72.47 71.39 117.86 166.50 176.48 58.45 86.99 4.88 21.41 95.11 111.54 80.54 180.50 174.58 211.52 88.21 89.33 86.15 49.76 52.89 35.11 8.00 69.76 38.36 19.90 30.51 23.57 21.34 198.39 158.50 117.41 134.20 134.20 131.02 131.02 113.82 128.09 115.78 156.05 154.55 153.05 151.55 146.48 150.06 149.88 125.71 130.43 135.40 132.92 140.25 137.59 142.51 66.36 70.55 110.51 70.43 73.62 99.61 76.40 75.46 185.43
46.58 47.37 45.80 63.09 17.45 30.80 20.30 58.22 53.79 33.51 32.41 32.68 51.79 95.76 102.18 97.31 93.02 94.91 87.32 58.50 71.14 74.31 109.94 126.85 114.57 118.30 42.26 42.75 23.93 28.65 55.31 105.33 117.87 110.12 115.29 0.00 23.68 49.21 57.33 43.16 83.93 88.22 26.83 62.84 65.28 103.56 119.40 110.29 114.08 92.80 95.95 43.20 64.85 63.28 105.50 126.59 112.32 111.10 32.26 11.45 59.06 77.52 80.56 97.28 84.09 82.08 88.15 65.61 65.57 81.15 107.71 120.25 106.63 111.26 89.94 94.14 94.93 87.31 50.39 10.29 25.71 25.71 24.35 24.35 31.75 23.49 53.06 52.10 51.32 50.59 49.90 47.98 49.27 49.24 24.38 27.47 31.18 29.28 38.35 38.90 44.90 56.82 58.77 75.24 51.57 43.29 51.72 38.96 39.86 74.06
22.98 23.97 22.92 59.68 34.71 8.68 34.30 72.04 66.81 56.10 53.28 53.78 62.61 86.81 89.20 85.08 91.57 93.62 85.37 35.13 67.09 70.73 98.29 113.34 102.67 106.60 19.89 19.27 46.51 51.75 32.40 96.86 108.96 113.01 118.82 23.68 0.00 26.86 50.42 20.65 70.58 75.27 42.56 78.17 75.18 94.87 108.19 99.61 103.58 81.12 84.48 20.31 83.09 73.30 96.87 113.18 116.69 110.38 52.23 34.71 77.34 94.30 100.31 94.29 68.77 66.51 73.32 70.12 66.09 83.71 111.92 109.72 102.40 110.86 90.26 95.89 97.55 98.28 66.62 33.81 17.15 17.15 13.65 13.65 10.29 10.40 30.90 37.67 36.31 34.98 33.70 29.66 32.45 32.32 47.13 49.34 52.05 50.65 59.09 60.56 66.24 70.23 74.23 54.85 48.98 54.52 34.45 45.57 47.93 85.52
9.30 6.82 4.51 76.51 55.03 24.78 52.61 97.74 92.35 78.63 74.01 74.71 87.51 71.86 69.46 66.43 107.66 109.74 101.36 11.28 82.62 86.37 79.59 92.17 83.51 87.51 22.37 16.55 69.51 75.17 23.58 81.80 92.80 109.93 116.16 49.21 26.86 0.00 65.42 6.21 51.67 56.45 60.23 104.23 99.29 79.68 89.57 81.92 85.90 63.38 66.75 6.80 109.76 97.52 81.62 92.10 115.09 103.34 72.18 59.13 93.71 120.61 127.13 108.87 47.60 45.21 52.40 72.53 64.65 82.38 110.40 91.75 91.84 104.16 85.79 92.60 95.13 122.34 93.04 59.49 40.13 40.13 37.17 37.17 17.46 34.50 4.07 47.07 45.32 43.58 41.83 35.87 40.08 39.85 73.40 75.94 78.83 77.36 85.91 87.25 93.01 81.99 87.77 28.78 47.58 66.19 16.99 54.80 57.94 110.05
56.29 58.78 61.16 11.59 74.74 44.72 77.01 53.74 48.86 86.13 87.89 87.89 41.84 135.39 134.79 131.51 42.31 44.39 36.00 65.21 17.25 21.00 144.75 157.55 148.79 152.79 43.05 48.88 77.85 80.45 47.75 145.47 157.12 163.04 168.72 57.33 50.42 65.42 0.00 61.25 116.70 121.50 84.11 61.42 46.79 143.41 154.76 146.79 150.79 128.14 131.54 59.75 72.76 45.84 145.40 157.49 166.34 160.80 88.48 66.26 115.40 77.21 91.10 44.16 113.02 110.62 117.81 119.36 116.29 133.65 161.60 156.76 152.48 161.28 140.61 146.07 147.57 66.50 56.47 61.07 34.55 34.55 37.70 37.70 57.71 40.67 68.66 19.74 21.37 23.02 24.68 30.43 26.35 26.59 64.61 62.72 61.06 61.85 64.52 68.47 70.99 114.09 116.03 92.11 99.37 99.93 80.18 93.38 95.09 57.46
7.79 6.37 3.00 72.09 49.78 19.01 47.66 91.74 86.38 73.15 68.83 69.50 81.65 74.72 73.61 70.26 103.56 105.64 97.25 15.98 78.50 82.25 83.51 96.81 87.57 91.57 18.67 12.98 63.92 69.52 23.29 84.75 96.10 110.05 116.22 43.16 20.65 6.21 61.25 0.00 55.45 60.25 55.49 98.17 93.59 82.65 93.51 85.57 89.57 66.93 70.33 1.68 103.59 91.79 84.62 96.71 114.89 104.39 67.13 53.27 89.46 114.51 120.93 105.08 52.02 49.65 56.78 71.07 63.98 81.89 110.16 95.52 93.69 105.12 86.09 92.67 95.01 116.67 86.91 53.44 34.33 34.33 31.26 31.26 11.42 28.50 10.26 43.64 41.92 40.20 38.48 32.63 36.76 36.54 67.28 69.77 72.63 71.17 79.70 81.07 86.81 78.60 84.06 34.70 46.54 62.65 19.17 51.57 54.61 104.28
60.97 58.48 55.69 127.48 78.32 73.14 73.68 141.04 136.11 99.76 92.23 93.18 132.62 22.64 18.63 14.81 159.01 161.09 152.70 55.75 133.95 137.70 28.07 43.07 32.24 36.22 73.87 68.04 93.64 99.10 73.76 31.58 41.47 74.05 80.21 83.93 70.58 51.67 116.70 55.45 0.00 4.80 77.02 146.35 145.52 29.46 38.07 30.25 34.23 11.92 15.20 56.95 148.74 143.60 31.24 42.86 81.06 61.84 89.27 88.90 98.31 161.42 163.77 160.45 8.01 9.42 7.06 56.53 45.03 55.48 77.13 40.10 46.36 63.07 51.91 59.30 62.88 168.53 134.07 92.40 87.38 87.38 83.94 83.94 60.86 80.75 49.03 98.73 96.98 95.24 93.49 87.53 91.75 91.51 106.38 110.38 114.66 112.51 121.68 121.44 127.54 80.36 88.01 32.93 40.72 70.07 36.77 60.36 62.98 155.57
65.75 63.26 60.48 132.27 82.10 77.91 77.40 145.51 140.62 103.14 95.51 96.46 137.19 19.05 14.04 10.01 163.81 165.89 157.50 60.37 138.75 142.50 23.27 38.65 27.47 31.45 78.67 72.83 97.28 102.68 78.44 27.40 36.85 72.10 78.17 88.22 75.27 56.45 121.50 60.25 4.80 0.00 80.42 150.75 150.14 25.31 33.27 25.49 29.46 7.46 10.59 61.75 152.96 148.21 27.01 38.41 79.28 59.17 92.51 92.90 100.49 165.73 167.82 165.25 11.17 13.12 8.01 57.66 46.24 55.25 75.52 35.31 43.18 60.45 50.75 58.02 61.68 173.13 138.44 96.53 92.11 92.11 88.66 88.66 65.60 85.46 53.78 103.51 101.77 100.02 98.28 92.32 96.53 96.30 110.43 114.49 118.81 116.64 125.81 125.48 131.57 82.29 89.97 36.93 43.63 72.69 41.55 63.39 65.88 160.14
61.63 61.38 58.49 89.83 9.38 51.21 8.27 77.84 74.46 22.74 15.48 16.39 74.22 82.72 93.44 87.94 119.24 121.08 113.69 71.30 97.89 101.00 99.14 117.58 103.85 107.17 62.36 60.71 17.85 22.63 74.28 91.21 103.64 86.24 90.95 26.83 42.56 60.23 84.11 55.49 77.02 80.42 0.00 80.58 87.49 89.77 107.64 98.34 101.76 83.08 85.76 56.31 78.64 85.52 91.55 117.22 87.59 89.65 12.83 20.64 34.80 92.50 90.56 123.76 79.72 78.25 82.79 42.45 45.78 58.45 83.13 107.70 88.27 89.58 68.50 71.46 71.62 107.81 68.25 26.57 51.31 51.31 49.16 49.16 45.42 47.32 63.15 77.37 76.37 75.39 74.44 71.43 73.53 73.44 35.62 40.35 45.34 42.85 51.10 49.31 55.03 29.99 32.39 79.46 37.42 17.39 54.61 18.42 17.37 94.72
97.73 99.62 99.87 54.89 73.86 79.67 78.57 7.71 13.01 66.02 72.88 72.22 19.78 158.52 164.77 160.01 64.06 64.90 61.86 109.89 59.20 59.32 172.74 189.40 177.36 181.11 86.71 90.86 64.09 61.82 97.69 167.99 180.55 166.18 170.47 62.84 78.17 104.23 61.42 98.17 146.35 150.75 80.58 0.00 19.09 166.26 182.23 173.12 176.91 155.56 158.74 97.43 12.98 18.58 168.19 189.16 166.72 170.22 75.44 61.19 95.93 16.79 29.94 71.02 145.82 143.68 150.11 123.00 125.73 139.00 162.51 183.08 167.94 170.15 149.04 151.97 151.97 28.75 12.54 56.08 64.58 64.58 67.22 67.22 88.45 69.74 108.29 75.34 76.18 77.05 77.95 81.24 78.88 79.06 45.00 40.25 35.26 37.75 30.31 33.42 29.73 104.85 102.55 132.83 113.69 97.35 112.03 97.96 97.65 17.58
91.67 93.83 94.79 38.33 79.48 74.58 83.78 13.90 14.02 77.05 82.81 82.31 13.50 159.98 164.14 159.79 45.09 46.02 42.77 103.16 41.40 41.05 172.87 188.45 177.36 181.23 79.39 84.30 72.99 72.09 88.75 169.79 182.24 173.71 178.45 65.28 75.18 99.29 46.79 93.59 145.52 150.14 87.49 19.09 0.00 167.93 182.64 173.79 177.70 155.61 158.92 92.57 32.06 2.00 169.91 188.27 175.03 176.01 84.92 66.96 108.14 31.66 47.94 52.00 143.95 141.69 148.49 129.54 130.64 145.42 170.61 183.88 171.90 176.09 154.77 158.48 158.91 23.12 23.75 61.18 59.28 59.28 62.47 62.47 85.29 65.46 103.22 63.49 64.64 65.81 67.02 71.30 68.24 68.45 53.72 49.25 44.62 46.93 42.24 46.25 44.45 114.52 113.33 128.03 116.78 104.84 109.62 103.35 103.63 11.11
88.91 86.48 83.36 153.73 93.83 98.92 88.96 161.78 157.25 111.57 103.46 104.41 154.63 8.06 20.17 17.76 185.57 187.64 179.28 84.83 160.61 164.35 14.88 32.74 18.26 19.94 101.32 95.57 107.56 112.36 102.51 2.14 14.32 53.34 58.76 103.56 94.87 79.68 143.41 82.65 29.46 25.31 89.77 166.26 167.93 0.00 19.21 11.00 13.00 17.89 15.23 84.26 166.80 165.96 2.00 32.20 61.00 37.84 100.32 105.90 101.60 180.19 180.07 187.50 36.44 38.43 32.60 55.78 46.44 46.53 58.13 18.28 20.64 39.29 37.71 43.50 47.19 190.53 153.74 110.44 112.02 112.02 108.52 108.52 86.06 105.27 77.47 126.29 124.57 122.84 121.12 115.24 119.40 119.17 123.35 127.79 132.48 130.13 139.11 138.08 144.04 82.79 90.24 62.23 53.02 77.72 63.48 71.40 73.02 177.34
98.85 96.36 93.68 165.55 111.03 111.14 106.18 177.35 172.62 129.79 121.75 122.70 169.53 25.05 20.34 23.27 197.06 199.14 190.75 92.66 172.00 175.75 10.00 14.74 6.41 3.01 111.86 106.02 125.28 130.27 110.99 18.66 12.17 68.26 72.93 119.40 108.19 89.57 154.76 93.51 38.07 33.27 107.64 182.23 182.64 19.21 0.00 9.30 6.21 27.08 23.74 95.00 183.51 180.70 18.03 14.14 75.94 51.53 118.63 122.73 120.77 196.67 197.41 198.43 42.34 44.72 37.59 74.97 65.42 65.46 73.78 3.82 35.26 53.04 56.05 61.13 64.68 205.51 169.78 126.94 125.16 125.16 121.69 121.69 98.70 118.48 86.73 136.63 134.88 133.14 131.39 125.42 129.64 129.40 140.29 144.60 149.17 146.89 155.96 155.19 161.22 101.96 109.43 67.18 70.38 96.40 74.80 89.43 91.26 192.43
91.22 88.73 85.91 157.45 101.74 102.85 96.89 168.31 163.62 120.51 112.47 113.43 160.63 15.83 14.60 15.64 189.09 191.17 182.78 85.71 164.04 167.79 4.92 21.78 7.28 9.22 104.08 98.25 115.98 120.97 103.88 11.18 12.35 63.28 68.41 110.29 99.61 81.92 146.79 85.57 30.25 25.49 98.34 173.12 173.79 11.00 9.30 0.00 4.00 18.66 15.26 87.10 174.29 171.84 10.44 21.25 70.98 47.12 109.35 113.48 111.92 187.48 188.12 190.64 35.54 37.84 30.98 66.21 56.40 57.49 68.38 10.11 30.07 48.62 48.70 54.35 58.01 196.61 160.66 117.73 116.65 116.65 113.16 113.16 90.27 109.93 79.27 128.96 127.22 125.47 123.73 117.77 121.99 121.75 131.03 135.36 139.95 137.65 146.72 145.92 151.95 93.11 100.63 61.13 61.08 87.21 66.65 80.14 81.99 183.49
95.20 92.71 89.90 161.45 105.33 106.84 100.47 172.15 167.47 123.82 115.76 116.71 164.52 19.05 18.04 19.56 193.09 195.17 186.78 89.61 168.04 171.79 7.50 20.26 7.28 7.28 108.07 102.24 119.45 124.39 107.81 12.53 9.41 63.28 68.18 114.08 103.58 85.90 150.79 89.57 34.23 29.46 101.76 176.91 177.70 13.00 6.21 4.00 0.00 22.66 19.26 91.10 177.98 175.74 11.88 19.69 70.98 46.78 112.63 117.14 114.56 191.21 191.70 194.63 39.38 41.69 34.77 68.76 59.25 59.35 68.61 6.18 30.07 48.29 50.09 55.38 58.97 200.50 164.44 121.45 120.62 120.62 117.14 117.14 94.26 113.91 83.23 132.95 131.20 129.46 127.71 121.76 125.97 125.74 134.68 139.03 143.64 141.33 150.38 149.54 155.55 95.75 103.22 64.86 64.59 90.31 70.65 83.50 85.27 187.37
72.68 70.20 67.31 138.79 85.52 84.21 80.73 150.53 145.74 105.67 97.85 98.80 142.54 12.19 10.58 4.89 170.44 172.52 164.13 67.67 145.39 149.14 17.26 34.58 21.81 25.63 85.47 79.65 100.34 105.58 85.65 19.96 29.56 66.54 72.47 92.80 81.12 63.38 128.14 66.93 11.92 7.46 83.08 155.56 155.61 17.89 27.08 18.66 22.66 0.00 3.40 68.47 157.28 153.67 19.56 34.25 73.90 52.85 94.79 96.78 100.79 170.25 171.69 172.01 18.55 20.57 14.84 56.57 45.48 52.14 70.35 28.70 36.43 54.19 46.38 53.41 57.13 178.52 143.16 100.71 98.11 98.11 94.64 94.64 71.68 91.41 60.84 110.38 108.64 106.90 105.16 99.21 103.42 103.18 114.35 118.54 123.00 120.76 129.90 129.36 135.43 82.27 89.95 44.38 45.75 73.94 47.99 65.45 67.70 165.46
76.05 73.57 70.70 142.19 88.40 87.61 83.60 153.76 148.98 108.29 100.41 101.37 145.83 10.74 8.86 3.50 173.84 175.91 167.53 70.93 148.79 152.54 14.00 31.82 18.63 22.38 88.86 83.04 103.11 108.31 88.96 17.23 26.28 65.56 71.39 95.95 84.48 66.75 131.54 70.33 15.20 10.59 85.76 158.74 158.92 15.23 23.74 15.26 19.26 3.40 0.00 71.87 160.35 156.97 16.76 31.46 73.02 51.35 97.34 99.77 102.66 173.37 174.65 175.40 21.44 23.56 17.41 58.00 47.11 52.67 69.62 25.30 34.61 52.73 46.25 53.10 56.84 181.81 146.33 103.77 101.48 101.48 98.01 98.01 75.07 94.78 64.19 113.76 112.02 110.28 108.54 102.59 106.80 106.56 117.35 121.57 126.05 123.80 132.93 132.33 138.40 84.04 91.70 47.32 48.37 76.19 51.39 67.98 70.15 168.73
6.25 5.15 2.62 70.64 50.39 18.02 48.41 90.94 85.56 73.63 69.46 70.12 80.73 76.33 75.07 71.76 102.06 104.14 95.75 15.50 77.00 80.75 85.00 98.17 89.04 93.04 17.06 11.34 64.33 69.90 21.71 86.36 97.68 111.70 117.86 43.20 20.31 6.80 59.75 1.68 56.95 61.75 56.31 97.43 92.57 84.26 95.00 87.10 91.10 68.47 71.87 0.00 103.03 90.79 86.23 98.08 116.52 106.06 67.82 53.49 90.43 113.82 120.47 103.54 53.42 51.03 58.19 72.59 65.58 83.51 111.78 97.04 95.36 106.80 87.75 94.31 96.64 115.64 86.26 53.48 33.37 33.37 30.37 30.37 11.64 27.70 10.85 42.04 40.31 38.59 36.86 31.00 35.14 34.92 67.21 69.59 72.36 70.95 79.40 80.85 86.55 79.80 85.18 35.55 48.12 63.83 20.79 52.83 55.84 103.31
104.04 105.74 105.56 67.07 73.12 85.80 77.97 19.71 23.98 61.25 68.81 68.04 30.99 159.26 166.87 161.88 76.95 77.74 74.83 116.41 71.79 72.07 174.27 191.55 178.95 182.59 93.96 97.59 61.20 57.90 105.66 168.42 180.98 162.57 166.50 64.85 83.09 109.76 72.76 103.59 148.74 152.96 78.64 12.98 32.06 166.80 183.51 174.29 177.98 157.28 160.35 103.03 0.00 31.54 168.68 191.28 162.53 167.85 71.64 60.90 89.40 14.01 18.67 83.94 148.89 146.86 152.99 120.52 124.39 136.42 158.50 184.10 166.87 167.66 146.87 149.20 148.88 37.70 17.54 56.59 71.29 71.29 73.53 73.53 93.19 75.69 113.83 85.19 85.87 86.57 87.30 90.02 88.06 88.21 43.52 39.02 34.35 36.67 27.74 29.38 24.03 100.24 97.09 137.91 113.81 94.58 115.87 96.74 96.00 29.03
89.95 92.10 93.02 37.73 77.50 72.78 81.79 12.78 12.31 75.23 80.92 80.43 11.50 158.01 162.22 157.86 45.99 46.99 43.42 101.50 41.17 41.00 170.93 186.54 175.42 179.30 77.73 82.60 71.08 70.23 87.23 167.82 180.26 171.73 176.48 63.28 73.30 97.52 45.84 91.79 143.60 148.21 85.52 18.58 2.00 165.96 180.70 171.84 175.74 153.67 156.97 90.79 31.54 0.00 167.93 186.36 173.06 174.01 83.02 64.98 106.35 32.02 47.90 52.83 142.07 139.81 146.59 127.55 128.64 143.43 168.64 181.92 169.90 174.10 152.78 156.49 156.93 24.98 22.28 59.20 57.47 57.47 60.64 60.64 83.43 63.62 101.46 62.20 63.32 64.47 65.64 69.84 66.84 67.05 51.83 47.39 42.79 45.08 40.56 44.61 42.97 112.61 111.46 126.27 114.78 102.87 107.74 101.36 101.64 12.66
90.87 88.43 85.32 155.73 95.68 100.91 90.81 163.72 159.20 113.28 105.16 106.11 156.60 10.06 21.05 19.09 187.56 189.64 181.27 86.71 162.60 166.34 14.75 31.94 17.71 19.01 103.29 97.54 109.34 114.12 104.42 0.75 12.37 53.15 58.45 105.50 96.87 81.62 145.40 84.62 31.24 27.01 91.55 168.19 169.91 2.00 18.03 10.44 11.88 19.56 16.76 86.23 168.68 167.93 0.00 31.38 60.83 37.36 102.02 107.78 102.96 182.09 181.89 189.49 38.10 40.13 34.17 57.13 47.97 47.47 58.10 16.79 20.15 38.83 38.36 43.92 47.57 192.50 155.66 112.35 114.02 114.02 110.52 110.52 88.06 107.27 79.40 128.26 126.54 124.81 123.09 117.20 121.36 121.14 125.21 129.66 134.37 132.01 140.98 139.93 145.89 84.16 91.58 63.94 54.88 79.34 65.46 73.16 74.74 179.30
101.20 98.71 96.44 168.60 119.76 115.12 114.98 183.89 178.97 139.72 131.82 132.78 175.43 36.44 24.41 29.49 199.64 201.72 193.35 93.50 174.65 178.38 18.63 0.60 14.21 12.41 114.44 108.64 134.56 139.77 111.95 32.08 26.00 82.39 86.99 126.59 113.18 92.10 157.49 96.71 42.86 38.41 117.22 189.16 188.27 32.20 14.14 21.25 19.69 34.25 31.46 98.08 191.28 186.36 31.38 0.00 90.06 65.61 128.73 130.95 132.75 204.11 205.89 200.52 44.72 47.08 40.01 87.20 77.06 78.73 87.92 17.25 49.40 67.12 69.73 75.06 78.65 211.31 176.85 134.76 129.76 129.76 126.36 126.36 103.26 123.21 88.84 138.71 136.96 135.21 133.47 127.50 131.72 131.48 148.52 152.66 157.06 154.86 164.01 163.54 169.62 113.97 121.54 66.83 79.82 107.24 78.91 99.38 101.48 198.39
122.62 120.74 116.97 174.14 96.05 124.05 92.23 164.82 161.79 101.28 93.94 94.65 161.80 62.31 80.43 76.42 205.05 206.99 199.19 124.36 182.03 185.46 75.56 90.65 77.95 78.05 131.45 126.79 102.73 104.99 138.11 60.08 64.20 7.70 4.88 112.32 116.69 115.09 166.34 114.89 81.06 79.28 87.59 166.72 175.03 61.00 75.94 70.98 70.98 73.90 73.02 116.52 162.53 173.06 60.83 90.06 0.00 24.54 91.30 108.21 76.07 176.52 170.34 208.88 89.03 90.03 87.20 47.06 51.13 33.17 4.77 72.89 40.95 23.05 30.12 22.79 19.97 194.75 154.82 114.11 131.79 131.79 128.67 128.67 112.04 125.79 114.87 154.09 152.61 151.14 149.67 144.70 148.21 148.04 122.07 126.78 131.74 129.26 136.46 133.72 138.56 62.30 66.25 110.65 68.73 70.21 98.73 73.57 72.46 181.85
