120
0.00 12.58 8.04 8.85 114.81 123.87 110.83 145.43 85.70 42.16 39.13 87.37 165.03 171.06 33.53 34.94 33.53 40.37 17.98 76.63 102.47 158.62 179.78 71.22 76.67 71.34 71.67 115.34 126.60 92.20 188.39 176.10 201.37 69.95 71.08 65.38 65.05 37.80 53.68 8.83 12.90 9.69 17.33 17.92 16.18 18.66 193.92 161.78 120.99 127.22 127.22 124.10 132.06 104.70 121.33 95.69 145.71 138.41 136.83 135.26 129.93 119.63 119.74 137.89 128.78 134.75 124.67 132.87 130.71 140.53 84.54 83.79 78.62 76.23 85.84 64.66 64.70 66.53 181.06 117.06 122.77 115.38 109.65 90.20 94.74 67.92 99.25 109.43 123.01 174.08 39.25 29.23 74.02 74.51 75.87 172.04 177.49 63.47 64.60 63.60 8.07 18.14 9.13 151.28 94.93 167.09 165.82 87.91 155.50 166.79 7.05 11.00 8.99 41.32 42.82 40.72 42.25 46.15 41.50 91.52
12.58 0.00 13.40 4.00 127.24 135.68 122.20 157.09 96.75 53.35 49.85 99.92 177.53 183.57 39.79 37.30 38.57 44.11 28.82 83.18 114.59 170.79 192.30 75.95 79.50 75.43 75.11 126.97 138.53 103.94 200.90 188.67 213.93 79.29 80.65 74.39 75.63 50.31 62.92 17.40 8.50 14.93 12.27 26.57 23.78 29.43 206.45 174.32 133.38 139.66 139.66 136.51 144.21 116.88 133.72 107.63 158.02 150.87 149.29 147.71 142.33 131.51 131.44 150.11 141.36 147.32 136.40 144.45 143.12 153.11 95.74 95.35 89.88 87.32 97.50 76.80 76.66 79.09 193.62 129.39 135.23 127.79 122.00 102.20 106.66 79.05 111.72 121.96 135.02 185.69 51.73 39.83 86.34 84.15 87.05 183.21 190.05 68.31 67.25 67.72 6.25 29.98 21.64 162.91 107.00 179.50 177.95 100.20 167.54 178.75 16.87 4.12 15.20 44.78 51.16 46.09 44.51 50.39 44.68 102.90
8.04 13.40 0.00 11.47 115.52 122.91 109.12 150.23 91.35 40.34 36.64 88.94 167.80 173.78 27.17 27.17 26.58 33.01 24.82 70.64 102.21 162.50 180.94 64.37 69.21 64.25 64.37 114.05 125.88 91.14 189.42 177.68 202.80 65.92 67.26 61.05 62.31 41.15 49.54 4.41 8.31 1.85 22.71 25.69 24.16 16.54 196.43 163.04 121.54 127.96 127.96 124.74 131.84 104.59 121.87 95.03 145.94 139.22 137.61 135.99 130.51 124.15 124.54 137.83 130.53 136.37 129.40 137.79 133.93 142.55 82.61 82.42 76.79 74.14 84.63 68.91 69.30 69.21 183.47 117.38 123.63 116.01 110.07 89.69 94.05 73.60 102.37 110.68 122.46 178.90 42.76 35.84 77.75 81.25 81.43 177.37 178.91 56.64 57.06 56.50 7.17 18.09 14.26 156.11 94.55 170.25 169.76 91.65 159.65 171.09 5.00 9.72 1.80 33.88 37.90 33.99 34.52 39.00 33.99 89.85
8.85 4.00 11.47 0.00 123.65 132.49 119.24 153.10 92.80 50.42 47.11 96.19 173.62 179.65 38.57 37.30 37.73 43.75 24.84 82.05 111.22 166.80 188.61 75.43 79.60 75.11 75.00 123.88 135.28 100.79 197.23 184.90 210.19 77.15 78.42 72.36 72.99 46.41 60.78 14.93 9.39 13.22 11.60 22.80 20.12 26.56 202.56 170.62 129.83 136.07 136.07 132.94 140.83 113.47 130.16 104.36 154.53 147.25 145.68 144.11 138.77 127.51 127.45 146.68 137.58 143.55 132.41 140.46 139.17 149.29 92.85 92.28 86.96 84.47 94.38 72.81 72.66 75.22 189.74 125.89 131.61 124.22 118.48 98.90 103.41 75.09 107.78 118.27 131.72 181.71 47.81 35.90 82.37 80.40 83.09 179.26 186.31 67.72 67.37 67.37 4.80 26.70 17.77 158.92 103.66 175.55 173.96 96.22 163.54 174.75 14.02 5.00 13.23 44.51 49.31 45.21 44.62 49.91 44.50 99.92
114.81 127.24 115.52 123.65 0.00 26.12 34.34 78.20 73.50 77.15 81.80 29.17 62.85 67.75 102.14 113.97 106.08 109.14 103.88 92.35 18.34 72.15 65.73 104.34 116.99 108.27 112.21 28.57 24.02 32.60 74.00 63.72 88.04 71.33 68.95 75.75 63.45 79.20 79.52 111.12 123.77 114.82 129.28 109.72 112.67 99.22 87.12 48.20 6.54 12.44 12.44 9.30 22.10 15.34 6.90 26.63 31.62 23.72 22.09 20.48 15.19 59.96 64.80 25.73 21.58 24.98 65.70 73.12 43.42 33.84 45.21 40.88 48.04 51.52 38.15 63.27 66.11 52.24 74.00 6.04 8.34 1.25 6.62 29.53 27.55 75.91 36.28 9.17 20.16 99.24 78.32 97.69 53.74 90.91 72.99 107.06 64.33 103.17 115.10 107.15 121.58 97.53 106.22 82.50 24.90 69.25 78.80 47.39 74.07 84.90 110.93 124.64 114.02 110.05 89.94 103.09 114.28 106.66 111.05 39.02
123.87 135.68 122.91 132.49 26.12 0.00 17.35 103.10 97.42 82.62 86.66 48.26 79.61 83.31 104.45 115.46 108.10 109.40 116.13 83.61 23.25 94.03 69.32 97.04 108.86 101.03 105.02 9.96 4.84 31.76 75.66 71.15 91.70 66.61 64.27 71.92 63.05 92.19 79.20 118.57 130.78 121.86 139.89 122.33 124.96 106.39 98.54 55.27 23.10 26.92 26.92 24.84 14.50 22.33 22.99 28.36 30.04 32.79 31.32 29.87 25.23 86.03 90.90 20.59 43.16 43.43 91.69 98.86 67.87 52.44 41.74 40.65 46.98 50.14 38.31 82.72 85.96 69.42 86.30 20.13 27.95 24.90 24.26 34.01 29.25 97.15 61.51 34.72 6.31 122.00 91.73 112.03 74.57 113.24 95.51 131.05 70.26 97.82 109.72 101.78 129.61 105.80 116.12 107.02 29.70 87.50 100.02 71.10 96.99 106.99 118.84 132.52 121.23 110.08 91.23 103.50 114.10 105.58 111.02 34.08
110.83 122.20 109.12 119.24 34.34 17.35 0.00 112.22 96.58 68.85 72.51 45.79 94.34 98.50 89.00 99.62 92.50 93.28 104.90 66.26 20.74 106.22 86.59 79.73 91.51 83.72 87.71 7.65 22.00 20.10 93.01 88.06 109.02 49.86 47.58 55.28 47.66 82.03 63.35 104.88 116.74 107.94 127.40 111.20 113.60 92.77 114.95 72.05 34.45 40.26 40.26 37.30 31.38 22.19 34.50 19.98 47.24 48.42 46.79 45.16 39.70 92.13 96.65 37.74 55.02 56.79 98.28 106.27 77.72 66.01 26.56 27.21 32.34 35.09 25.52 77.63 81.07 63.27 102.43 29.65 39.56 33.42 29.33 25.11 20.40 93.15 64.22 40.52 21.17 133.54 81.85 102.16 71.13 109.98 92.95 141.35 87.34 80.68 92.53 84.62 116.03 92.70 103.63 116.69 22.82 101.68 112.67 70.97 108.37 119.05 105.34 118.82 107.39 93.89 75.65 87.48 97.82 89.16 94.81 19.31
145.43 157.09 150.23 153.10 78.20 103.10 112.22 0.00 61.47 125.27 129.76 77.94 48.71 52.82 150.46 161.89 154.26 160.13 128.30 159.09 93.03 24.52 86.28 168.01 180.65 171.47 174.95 106.77 99.69 104.09 93.99 76.49 95.80 136.18 134.20 138.71 124.67 109.64 136.83 146.55 157.87 150.50 152.76 131.53 134.71 137.97 72.09 75.47 80.01 76.96 76.96 78.42 92.94 90.74 80.12 98.88 88.31 76.71 77.18 77.69 79.71 26.59 25.70 91.37 60.59 62.45 20.85 12.80 35.27 55.75 114.65 108.82 114.40 117.17 106.74 81.51 80.94 85.46 64.80 83.65 75.18 79.25 82.90 98.20 99.39 78.51 55.44 71.85 96.80 28.67 107.93 117.55 73.87 79.56 70.52 30.26 80.34 164.21 174.88 167.75 153.49 134.12 136.56 5.90 95.85 42.46 28.19 60.77 17.69 24.29 145.28 156.41 149.46 161.34 142.47 154.78 165.35 160.41 162.28 111.27
85.70 96.75 91.35 92.80 73.50 97.42 96.58 61.47 0.00 75.17 78.78 50.79 93.48 99.40 97.08 107.35 100.46 107.31 68.00 117.95 76.51 79.22 121.11 123.14 134.70 125.88 128.70 95.06 96.68 79.43 130.18 113.87 138.51 96.43 95.17 96.83 84.02 53.27 90.80 88.10 98.47 91.90 91.58 70.63 73.75 81.37 122.50 104.26 79.31 81.66 81.66 80.42 95.50 76.13 79.62 77.07 101.19 89.34 88.54 87.78 85.38 38.44 36.72 98.14 72.21 78.07 41.73 48.67 59.03 78.75 84.35 78.77 81.04 82.35 78.06 27.70 25.25 39.75 111.31 79.15 77.22 74.71 73.32 73.01 76.92 17.78 37.88 64.35 92.47 89.66 51.51 56.92 27.39 20.69 9.96 86.47 116.67 117.56 126.36 120.43 93.72 77.04 77.22 67.11 73.97 92.24 85.68 26.33 74.53 84.68 86.58 96.49 90.84 108.58 92.39 102.82 112.15 109.15 109.42 85.18
42.16 53.35 40.34 50.42 77.15 82.62 68.85 125.27 75.17 0.00 4.80 53.45 133.95 139.71 26.13 38.10 30.12 35.08 39.91 46.42 62.50 132.87 142.88 48.65 59.68 51.06 53.66 73.71 85.71 50.87 151.08 140.52 165.15 31.00 31.39 28.01 23.31 26.14 17.72 36.05 48.16 39.25 59.11 46.00 47.68 23.93 161.49 125.28 82.81 89.51 89.51 86.16 92.01 65.05 83.13 54.99 106.58 100.80 99.13 97.45 91.75 98.74 100.55 98.15 94.29 99.72 104.87 113.94 102.38 106.85 42.43 42.08 36.54 34.07 44.32 47.61 49.92 39.84 148.33 78.32 85.45 77.49 71.27 49.83 53.99 60.14 71.70 73.57 82.39 153.29 27.41 42.05 52.16 74.67 65.94 154.66 141.37 42.55 51.26 45.29 47.19 24.16 35.72 131.11 54.76 137.71 140.27 64.53 131.29 143.11 36.50 50.01 38.64 36.25 17.46 29.54 40.37 35.18 37.22 49.55
39.13 49.85 36.64 47.11 81.80 86.66 72.51 129.76 78.78 4.80 0.00 58.25 138.75 144.51 21.34 33.31 25.33 30.45 38.81 45.12 66.90 137.59 147.52 46.05 56.57 48.19 50.56 77.60 89.85 54.96 155.67 145.22 169.82 31.96 32.69 28.27 25.92 28.17 17.00 32.46 44.25 35.43 56.32 44.69 46.08 20.56 166.28 129.95 87.40 94.13 94.13 90.76 96.34 69.50 87.71 59.26 111.03 105.42 103.73 102.05 96.32 103.20 104.93 102.52 99.06 104.48 109.29 118.33 107.14 111.63 45.97 46.03 40.18 37.50 48.36 51.39 53.54 44.29 153.11 82.86 90.10 82.11 75.86 54.20 58.25 63.30 76.39 78.31 86.61 157.85 29.62 42.23 56.42 77.30 69.39 159.04 146.05 39.55 47.61 42.03 43.63 21.55 33.42 135.60 59.15 142.50 144.99 68.99 135.95 147.77 33.10 46.36 34.90 31.63 13.63 25.02 35.72 30.87 32.59 53.26
87.37 99.92 88.94 96.19 29.17 48.26 45.79 77.94 50.79 53.45 58.25 0.00 80.50 86.27 79.53 91.52 83.52 87.91 75.28 81.20 25.99 81.03 92.48 90.68 103.44 94.29 97.93 44.59 48.54 29.67 101.19 88.78 114.00 58.32 56.29 61.14 47.16 50.67 60.87 84.59 97.25 88.45 101.02 80.97 83.99 73.18 108.24 74.45 35.71 41.00 41.00 38.29 50.10 26.07 36.06 26.48 60.77 51.79 50.34 48.90 44.18 53.21 56.73 54.61 41.60 47.44 59.75 68.75 49.93 53.80 37.73 31.77 36.65 39.28 30.15 34.80 37.90 23.06 95.12 33.21 36.30 30.05 25.93 23.12 26.44 48.89 22.81 22.30 44.27 104.14 49.64 68.63 26.32 65.13 47.61 108.20 90.12 87.56 98.82 91.29 94.54 70.86 78.51 83.40 23.30 84.43 88.39 25.50 80.43 92.25 84.15 97.64 87.57 88.98 68.88 82.02 93.21 86.72 89.98 36.25
165.03 177.53 167.80 173.62 62.85 79.61 94.34 48.71 93.48 133.95 138.75 80.50 0.00 6.09 160.01 172.01 164.01 168.21 150.29 155.11 81.19 25.49 38.32 166.81 179.54 170.69 174.59 87.08 75.00 95.35 45.48 28.25 47.69 133.64 131.30 137.73 124.66 127.23 139.99 163.58 176.04 167.54 176.34 155.00 158.23 152.77 29.39 32.17 60.42 54.12 54.12 57.25 65.73 78.19 60.29 89.37 54.13 46.91 48.31 49.74 54.74 56.52 60.18 61.21 41.60 38.02 56.29 55.46 35.29 29.01 107.88 103.17 110.17 113.59 100.51 102.00 103.10 98.62 17.92 65.64 55.58 63.27 69.41 91.56 90.25 106.42 65.91 62.27 73.97 50.69 125.81 141.16 91.76 114.09 99.57 64.03 32.22 165.13 176.92 169.06 172.71 149.96 155.91 48.24 87.33 9.19 27.01 78.36 32.16 35.57 162.85 175.80 166.60 169.25 149.05 162.26 173.50 166.63 170.25 101.87
171.06 183.57 173.78 179.65 67.75 83.31 98.50 52.82 99.40 139.71 144.51 86.27 6.09 0.00 165.75 177.75 169.75 173.87 156.36 160.10 86.09 28.78 36.20 171.95 184.65 175.85 179.76 91.14 78.62 100.33 42.52 26.08 43.00 138.81 136.46 142.98 130.03 133.26 145.48 169.55 182.03 173.51 182.41 161.08 164.31 158.71 23.31 33.08 64.96 58.46 58.46 61.70 69.19 83.07 64.81 94.35 56.67 50.52 52.02 53.53 58.80 62.21 65.72 64.31 46.78 42.79 61.70 60.37 41.37 34.03 112.91 108.32 115.37 118.80 105.63 108.09 109.19 104.62 12.36 70.23 60.24 68.10 74.35 96.74 95.26 112.47 71.97 67.64 77.85 51.73 131.84 147.24 97.84 119.99 105.58 65.66 30.07 170.41 182.24 174.35 178.72 155.92 161.94 51.81 92.42 10.74 28.82 84.45 35.67 37.26 168.84 181.82 172.57 174.90 154.68 167.91 179.15 172.20 175.90 106.75
33.53 39.79 27.17 38.57 102.14 104.45 89.00 150.46 97.08 26.13 21.34 79.53 160.01 165.75 0.00 12.00 4.00 10.28 42.84 43.48 86.33 158.85 167.69 37.80 44.51 38.22 39.05 94.92 108.05 73.38 175.66 165.80 190.14 41.52 43.28 36.17 41.43 44.02 25.85 24.73 31.98 25.37 49.86 46.92 46.85 19.49 187.38 150.33 107.49 114.34 114.34 110.91 115.25 89.09 107.79 78.27 130.41 125.57 123.86 122.15 116.32 123.87 125.36 121.59 120.05 125.35 129.84 138.80 128.47 132.70 62.77 64.16 57.50 54.31 66.74 70.56 72.23 65.12 174.20 102.74 110.48 102.37 96.00 73.63 77.24 80.47 97.63 99.18 105.14 178.72 45.74 50.76 76.71 92.49 87.33 179.44 166.48 30.07 33.11 30.59 33.96 23.92 33.01 156.33 78.61 163.84 166.25 89.73 157.11 168.91 26.52 35.70 25.50 11.56 13.38 7.52 15.10 13.87 12.35 70.40
34.94 37.30 27.17 37.30 113.97 115.46 99.62 161.89 107.35 38.10 33.31 91.52 172.01 177.75 12.00 0.00 8.00 7.59 48.28 48.01 97.92 170.69 179.43 39.05 42.30 38.22 37.80 105.80 119.19 84.73 187.33 177.66 201.91 50.86 52.85 45.34 52.44 54.09 36.29 26.60 28.82 25.37 48.89 51.14 50.32 26.77 199.36 162.14 119.24 126.12 126.12 122.68 126.61 100.72 119.53 89.77 141.91 137.32 135.60 133.89 128.03 135.31 136.65 133.00 132.02 137.30 141.20 150.10 140.39 144.68 73.72 75.49 68.67 65.38 78.11 81.40 82.86 76.73 186.18 114.44 122.31 114.18 107.78 85.26 88.74 90.34 109.45 111.14 116.40 190.24 55.84 57.68 88.04 101.31 97.49 190.66 178.29 31.62 30.07 30.59 32.51 31.40 37.46 167.77 90.23 175.81 178.09 101.25 168.86 180.63 28.69 33.27 25.96 7.85 24.34 12.35 7.36 13.87 7.52 81.38
33.53 38.57 26.58 37.73 106.08 108.10 92.50 154.26 100.46 30.12 25.33 83.52 164.01 169.75 4.00 8.00 0.00 7.59 44.37 44.69 90.18 162.80 171.60 37.80 43.42 37.80 38.22 98.52 111.75 77.14 179.54 169.75 194.06 44.49 46.35 39.06 45.05 47.28 29.20 24.73 30.44 24.73 49.22 48.03 47.70 21.45 191.37 154.27 111.40 118.26 118.26 114.83 119.02 92.95 111.70 82.09 134.23 129.48 127.77 126.06 120.22 127.67 129.11 125.38 124.04 129.33 133.62 142.56 132.44 136.69 66.38 67.91 61.19 57.96 70.51 74.13 75.73 68.97 178.19 106.63 114.42 106.30 99.92 77.49 81.06 83.70 101.56 103.17 108.88 182.55 49.02 52.87 80.47 95.35 90.66 183.17 170.41 30.07 31.62 30.07 33.00 26.04 34.09 160.13 82.47 167.83 170.20 93.56 161.02 172.81 26.67 34.45 25.02 8.81 16.88 7.52 11.75 12.66 9.41 74.03
40.37 44.11 33.01 43.75 109.14 109.40 93.28 160.13 107.31 35.08 30.45 87.91 168.21 173.87 10.28 7.59 7.59 0.00 51.91 40.43 92.63 167.92 174.30 31.87 36.30 31.36 31.36 99.65 113.26 79.12 182.05 172.86 196.85 44.02 46.10 38.49 46.65 54.29 30.28 31.67 35.71 31.16 55.34 55.45 54.99 29.03 195.17 157.20 114.21 121.14 121.14 117.67 120.92 95.49 114.49 84.35 136.39 132.27 130.54 128.81 122.91 133.55 135.16 127.36 127.77 132.88 139.59 148.59 137.31 140.50 67.74 69.89 62.92 59.55 72.56 80.65 82.40 74.68 181.97 109.30 117.48 109.28 102.83 80.07 83.32 90.74 106.78 106.79 110.61 188.27 56.01 60.45 86.54 102.71 97.57 189.27 173.36 24.30 24.30 23.63 38.95 33.61 41.52 165.98 85.00 172.34 175.32 99.36 166.37 178.19 33.69 40.01 31.59 1.28 19.26 6.05 5.31 6.37 2.15 75.39
17.98 28.82 24.82 24.84 103.88 116.13 104.90 128.30 68.00 39.91 38.81 75.28 150.29 156.36 42.84 48.28 44.37 51.91 0.00 82.32 93.63 142.43 167.52 79.76 87.34 80.69 81.81 108.42 118.30 85.26 176.33 163.15 188.58 70.67 71.23 67.08 62.92 24.68 55.62 22.82 30.88 25.89 26.12 6.31 8.86 23.45 179.45 149.46 110.28 116.08 116.08 113.17 122.73 95.51 110.63 87.80 135.35 127.03 125.55 124.07 119.07 102.83 102.67 128.17 115.85 121.97 107.65 115.65 115.47 127.05 79.74 77.76 73.81 72.07 79.40 48.62 48.18 53.00 166.80 106.85 111.46 104.59 99.32 82.12 86.94 50.26 84.39 97.58 114.45 156.89 25.64 11.25 58.57 56.56 58.26 154.44 164.81 72.20 75.87 73.22 25.86 19.45 11.04 134.12 86.51 151.78 149.53 72.26 139.00 150.12 20.84 28.53 24.88 53.07 47.62 50.34 55.09 56.65 53.52 85.94
76.63 83.18 70.64 82.05 92.35 83.61 66.26 159.09 117.95 46.42 45.12 81.20 155.11 160.10 43.48 48.01 44.69 40.43 82.32 0.00 74.02 160.90 152.60 13.92 25.26 17.78 21.68 73.74 88.19 59.77 159.24 153.33 175.14 22.91 24.91 21.19 34.86 72.55 28.72 67.96 75.12 68.85 93.30 87.55 88.21 59.84 178.91 137.23 95.65 102.52 102.52 99.08 97.29 77.06 95.84 65.75 113.27 112.55 110.82 109.09 103.17 133.74 136.71 103.77 113.54 117.32 140.26 149.39 129.80 126.12 47.24 52.22 45.59 42.43 54.79 90.46 93.37 78.81 165.95 90.34 100.05 92.03 85.74 63.84 64.86 104.83 103.69 93.42 86.76 185.20 73.78 87.17 91.87 120.34 109.59 189.32 152.96 17.88 27.97 21.02 77.43 63.10 74.37 164.59 67.82 161.04 168.10 101.29 161.04 172.74 69.59 79.06 68.94 40.22 34.75 37.19 42.52 34.18 40.74 53.44
102.47 114.59 102.21 111.22 18.34 23.25 20.74 93.03 76.51 62.50 66.90 25.99 81.19 86.09 86.33 97.92 90.18 92.63 93.63 74.02 0.00 89.46 81.70 86.15 98.75 90.09 94.05 18.61 24.76 14.38 89.43 80.78 104.29 53.29 50.90 57.89 46.24 69.39 62.56 97.81 110.30 101.31 117.98 99.76 102.49 85.68 105.15 64.87 22.01 29.01 29.01 25.51 29.64 3.04 22.26 8.50 44.15 39.84 38.09 36.34 30.38 71.82 76.23 35.67 39.79 43.30 78.08 86.32 59.50 52.18 27.00 23.11 30.31 33.81 20.36 59.77 63.07 46.22 92.10 16.85 26.10 18.01 11.79 12.73 9.50 74.59 43.49 21.41 20.82 115.87 68.84 89.05 52.13 91.05 73.59 122.67 80.99 85.23 97.20 89.22 108.66 84.61 94.36 97.78 7.75 87.48 96.32 50.57 90.82 102.00 97.88 111.65 100.60 93.47 73.63 86.59 97.65 89.71 94.45 20.68
158.62 170.79 162.50 166.80 72.15 94.03 106.22 24.52 79.22 132.87 137.59 81.03 25.49 28.78 158.85 170.69 162.80 167.92 142.43 160.90 89.46 0.00 63.80 171.31 184.12 175.02 178.74 99.71 89.92 102.46 70.90 53.74 71.53 138.39 136.20 141.73 127.93 121.35 141.89 158.52 170.51 162.52 167.90 146.41 149.65 148.76 47.66 55.69 71.95 67.12 67.12 69.49 81.69 86.72 71.95 96.70 73.44 63.47 64.42 65.40 68.98 40.81 42.81 78.60 51.27 50.68 38.02 34.06 31.20 42.03 114.30 108.89 115.32 118.48 106.46 93.99 94.25 94.33 40.46 76.57 66.83 72.95 78.05 97.45 97.42 94.65 61.24 68.32 87.86 28.29 119.75 132.32 84.75 98.96 87.02 39.81 57.71 168.52 179.85 172.29 166.58 145.37 149.53 23.03 94.07 18.15 7.40 70.85 6.93 12.96 157.50 169.61 161.52 169.06 149.30 162.21 173.22 167.29 170.04 109.51
179.78 192.30 180.94 188.61 65.73 69.32 86.59 86.28 121.11 142.88 147.52 92.48 38.32 36.20 167.69 179.43 171.60 174.30 167.52 152.60 81.70 63.80 0.00 165.76 177.85 169.76 173.76 78.99 64.59 95.58 9.10 10.14 22.66 134.00 131.61 138.97 127.92 143.04 144.26 176.55 189.22 180.31 193.42 173.01 176.11 164.77 35.65 18.07 60.20 53.39 53.39 56.79 55.32 78.81 59.90 90.07 39.35 42.13 43.83 45.54 51.40 88.45 92.96 48.87 51.96 45.74 90.03 91.26 63.30 42.56 107.78 104.68 111.82 115.30 101.95 122.17 124.17 114.57 28.76 65.01 57.46 65.40 71.71 94.23 91.10 130.60 86.57 70.34 65.84 87.90 141.94 160.03 111.67 141.57 125.02 101.84 6.14 165.86 177.86 169.86 186.80 162.88 170.97 86.35 89.29 46.64 64.89 100.27 70.39 73.40 176.26 189.88 179.48 175.15 155.22 168.25 179.34 171.39 176.14 100.46
71.22 75.95 64.37 75.43 104.34 97.04 79.73 168.01 123.14 48.65 46.05 90.68 166.81 171.95 37.80 39.05 37.80 31.87 79.76 13.92 86.15 171.31 165.76 0.00 12.82 4.00 8.00 87.12 101.55 71.78 172.56 166.17 188.35 33.19 35.51 29.58 43.51 74.22 32.39 62.40 67.57 62.53 86.97 84.35 84.50 56.40 191.29 150.08 108.01 114.95 114.95 111.48 110.51 89.19 108.23 77.73 126.49 125.25 123.50 121.76 115.81 142.15 144.78 117.01 125.21 129.29 148.59 157.76 140.12 137.91 59.15 63.63 56.65 53.28 66.31 95.43 98.04 85.20 178.24 102.73 112.24 104.11 97.72 75.25 76.79 108.72 112.62 104.70 99.94 194.78 75.67 86.21 98.24 123.26 114.22 198.12 165.93 7.75 14.29 8.72 70.65 60.33 70.58 173.64 79.53 172.39 178.59 108.82 171.05 182.84 64.26 71.85 62.82 31.29 33.25 30.50 32.51 25.56 31.53 65.85
76.67 79.50 69.21 79.60 116.99 108.86 91.51 180.65 134.70 59.68 56.57 103.44 179.54 184.65 44.51 42.30 43.42 36.30 87.34 25.26 98.75 184.12 177.85 12.82 0.00 9.18 6.02 99.00 113.45 84.40 184.50 178.49 200.40 45.98 48.28 42.39 56.28 84.51 44.40 67.97 71.00 67.38 91.19 91.36 91.11 63.92 203.84 162.40 120.55 127.46 127.46 124.00 122.55 101.79 120.75 90.36 138.53 137.64 135.91 134.17 128.23 154.70 157.25 129.03 137.94 141.96 161.12 170.29 152.93 150.62 71.78 76.37 69.42 66.07 79.03 107.03 109.50 97.34 190.83 115.25 124.84 116.74 110.37 87.99 89.43 119.79 125.30 117.48 112.01 207.51 86.05 94.80 110.32 133.80 125.60 210.72 178.17 17.15 12.25 14.63 74.81 68.20 77.42 186.29 92.23 185.17 191.41 121.21 183.83 195.63 69.97 75.51 67.85 35.36 43.15 37.00 35.01 30.81 35.23 78.34
71.34 75.43 64.25 75.11 108.27 101.03 83.72 171.47 125.88 51.06 48.19 94.29 170.69 175.85 38.22 38.22 37.80 31.36 80.69 17.78 90.09 175.02 169.76 4.00 9.18 0.00 4.00 91.11 105.55 75.72 176.56 170.16 192.35 37.06 39.39 33.29 47.14 76.30 35.34 62.53 66.98 62.40 86.69 85.07 85.07 57.25 195.24 154.07 111.98 118.92 118.92 115.45 114.51 93.14 112.19 81.67 130.49 129.23 127.49 125.74 119.79 145.53 148.09 121.01 129.11 133.21 151.95 161.12 143.82 141.82 63.10 67.53 60.52 57.14 70.22 98.19 100.72 88.28 182.19 106.70 116.19 108.05 101.65 79.13 80.72 111.20 116.12 108.56 103.94 198.34 77.79 87.56 101.28 125.49 116.86 201.55 169.93 8.72 11.14 7.75 70.31 61.33 71.21 177.12 83.45 176.23 182.31 112.07 174.69 186.50 64.44 71.34 62.76 30.65 35.04 30.76 31.35 25.25 30.76 69.83
71.67 75.11 64.37 75.00 112.21 105.02 87.71 174.95 128.70 53.66 50.56 97.93 174.59 179.76 39.05 37.80 38.22 31.36 81.81 21.68 94.05 178.74 173.76 8.00 6.02 4.00 0.00 95.11 109.54 79.67 180.56 174.15 196.35 40.95 43.30 37.06 50.82 78.53 38.49 62.91 66.62 62.53 86.60 85.97 85.82 58.36 199.20 158.07 115.94 122.89 122.89 119.41 118.51 97.09 116.16 85.61 134.49 133.22 131.47 129.73 123.77 148.94 151.44 125.01 133.01 137.14 155.35 164.51 147.54 145.73 67.05 71.44 64.41 61.01 74.13 101.03 103.49 91.42 186.14 110.67 120.14 112.00 105.59 83.03 84.67 113.77 119.65 112.42 107.94 201.92 80.06 89.06 104.38 127.80 119.58 204.99 173.92 11.14 8.72 8.72 70.20 62.57 72.05 180.62 87.37 180.08 186.04 115.37 178.35 190.16 64.88 71.06 62.95 30.52 37.17 31.53 30.67 25.56 30.50 73.81
115.34 126.97 114.05 123.88 28.57 9.96 7.65 106.77 95.06 73.71 77.60 44.59 87.08 91.14 94.92 105.80 98.52 99.65 108.42 73.74 18.61 99.71 78.99 87.12 99.00 91.11 95.11 0.00 14.45 23.23 85.50 80.41 101.45 56.68 54.35 62.02 53.49 84.92 69.51 109.75 121.83 112.95 131.62 114.67 117.20 97.59 107.35 64.40 27.76 33.16 33.16 30.38 23.74 19.03 27.77 21.05 39.64 40.89 39.29 37.69 32.35 87.74 92.41 30.13 48.44 49.80 93.72 101.43 71.90 59.00 32.15 31.63 37.60 40.65 29.50 77.97 81.33 64.03 94.87 23.33 32.89 27.53 24.47 26.71 21.78 93.04 61.00 35.75 13.54 127.29 84.60 104.96 70.65 109.59 92.19 135.52 79.70 87.86 99.76 91.82 120.85 97.22 107.83 111.05 23.18 94.58 106.03 69.00 102.13 112.61 110.10 123.71 112.35 100.30 81.64 93.78 104.30 95.74 101.24 24.55
126.60 138.53 125.88 135.28 24.02 4.84 22.00 99.69 96.68 85.71 89.85 48.54 75.00 78.62 108.05 119.19 111.75 113.26 118.30 88.19 24.76 89.92 64.59 101.55 113.45 105.55 109.54 14.45 0.00 34.90 71.05 66.32 87.02 70.80 68.44 76.06 66.75 94.13 83.00 121.52 133.84 124.88 142.40 124.46 127.16 109.34 93.70 50.43 20.03 22.98 22.98 21.27 9.67 23.28 19.87 30.91 25.27 28.12 26.68 25.29 20.95 83.47 88.41 15.79 39.38 39.24 88.97 95.90 64.43 48.14 45.52 43.99 50.56 53.81 41.53 83.27 86.43 70.39 81.48 18.00 24.58 22.77 23.39 36.43 31.87 97.29 60.10 33.01 4.28 117.99 93.60 113.81 74.72 113.10 95.27 127.30 65.46 102.19 114.11 106.16 132.51 108.58 118.69 103.47 31.83 82.98 95.79 70.37 93.06 102.88 121.72 135.44 124.23 113.96 94.90 107.32 118.01 109.57 114.91 37.87
92.20 103.94 91.14 100.79 32.60 31.76 20.10 104.09 79.43 50.87 54.96 29.67 95.35 100.33 73.38 84.73 77.14 79.12 85.26 59.77 14.38 102.46 95.58 71.78 84.40 75.72 79.67 23.23 34.90 0.00 103.10 95.00 118.22 38.92 36.53 43.60 32.49 62.04 48.87 86.81 99.03 90.10 108.41 91.53 94.02 74.63 119.53 79.03 36.35 43.33 43.33 39.84 41.88 17.42 36.58 5.98 57.28 54.00 52.25 50.50 44.52 81.16 85.16 48.28 53.81 57.58 87.63 96.29 71.87 66.35 12.63 9.24 16.27 19.73 6.65 58.42 61.90 43.83 106.47 31.12 40.47 32.34 25.99 6.55 5.12 74.24 51.25 34.19 31.79 128.18 61.82 82.15 52.89 91.27 74.78 134.12 95.10 70.88 82.86 74.88 97.86 74.10 84.61 109.13 8.40 101.41 109.47 55.06 103.35 114.77 87.09 100.76 89.47 79.90 60.38 73.10 84.04 75.90 80.87 7.18
188.39 200.90 189.42 197.23 74.00 75.66 93.01 93.99 130.18 151.08 155.67 101.19 45.48 42.52 175.66 187.33 179.54 182.05 176.33 159.24 89.43 70.90 9.10 172.56 184.50 176.56 180.56 85.50 71.05 103.10 0.00 17.60 16.48 141.20 138.81 146.26 135.54 151.81 151.91 185.02 197.69 188.75 202.19 181.86 184.94 173.19 36.96 26.98 68.27 61.59 61.59 64.92 62.09 86.61 67.96 97.72 46.14 50.29 51.95 53.63 59.37 97.22 101.66 55.57 60.95 54.71 98.61 99.51 72.20 51.66 115.12 112.26 119.36 122.82 109.55 131.19 133.22 123.42 33.18 72.92 65.81 73.60 79.81 102.07 98.75 139.70 95.66 78.98 72.67 93.70 150.72 168.95 120.70 150.66 134.12 107.96 13.99 172.93 184.91 176.92 195.35 171.38 179.63 93.72 97.10 53.21 71.32 109.36 77.63 79.71 184.77 198.43 187.94 182.88 163.06 176.01 187.05 178.99 183.86 107.69
176.10 188.67 177.68 184.90 63.72 71.15 88.06 76.49 113.87 140.52 145.22 88.78 28.25 26.08 165.80 177.66 169.75 172.86 163.15 153.33 80.78 53.74 10.14 166.17 178.49 170.16 174.15 80.41 66.32 95.00 17.60 0.00 25.47 133.83 131.43 138.60 126.92 138.90 143.12 173.32 185.99 177.15 189.19 168.46 171.60 161.74 28.78 16.10 58.83 51.84 51.84 55.33 56.72 77.80 58.56 89.27 41.31 41.01 42.76 44.51 50.49 79.98 84.33 50.58 47.35 41.35 81.16 81.92 55.29 36.44 107.46 103.89 111.09 114.59 101.14 116.78 118.57 110.16 19.61 63.93 55.38 63.58 70.05 92.98 90.28 124.27 80.65 67.12 66.94 77.80 137.71 155.20 106.25 134.48 118.34 91.71 4.00 165.80 177.80 169.80 183.32 159.60 167.18 76.39 88.14 36.50 54.75 94.25 60.38 63.26 172.91 186.42 176.29 173.76 153.66 166.81 177.99 170.29 174.76 100.40
201.37 213.93 202.80 210.19 88.04 91.70 109.02 95.80 138.51 165.15 169.82 114.00 47.69 43.00 190.14 201.91 194.06 196.85 188.58 175.14 104.29 71.53 22.66 188.35 200.40 192.35 196.35 101.45 87.02 118.22 16.48 25.47 0.00 156.66 154.26 161.63 150.53 164.28 166.86 198.42 211.10 202.22 214.60 193.91 197.05 186.75 28.51 39.87 82.68 75.80 75.80 79.23 77.86 101.39 82.39 112.69 61.87 64.60 66.32 68.05 73.95 103.30 107.31 71.37 72.74 66.67 103.69 103.15 79.53 61.89 130.43 127.31 134.46 137.94 124.58 142.23 143.99 135.58 31.08 87.56 79.72 87.77 94.14 116.78 113.72 149.46 106.03 92.12 88.41 90.49 163.11 180.67 131.70 159.17 143.36 105.19 23.89 188.51 200.50 192.51 208.52 184.72 192.48 94.51 111.86 53.39 70.24 119.59 78.46 78.05 198.06 211.62 201.38 197.72 177.75 190.80 201.92 194.00 198.70 123.11
69.95 79.29 65.92 77.15 71.33 66.61 49.86 136.18 96.43 31.00 31.96 58.32 133.64 138.81 41.52 50.86 44.49 44.02 70.67 22.91 53.29 138.39 134.00 33.19 45.98 37.06 40.95 56.68 70.80 38.92 141.20 133.83 156.66 0.00 2.40 5.53 12.43 55.49 16.38 62.23 72.37 64.37 87.28 76.62 78.04 51.40 158.40 117.80 75.27 82.25 82.25 78.76 79.20 56.32 75.50 44.80 95.08 92.82 91.07 89.32 83.34 110.85 113.86 85.73 92.05 96.23 117.37 126.49 107.22 104.78 26.37 30.50 23.47 20.09 33.20 69.39 72.49 56.85 145.31 70.03 79.34 71.15 64.71 42.08 43.84 84.48 80.78 71.51 68.65 162.39 56.40 72.94 69.80 100.69 88.56 166.42 133.81 31.97 43.97 35.97 73.09 53.24 65.16 141.69 46.45 139.20 145.63 78.63 138.35 150.09 63.33 75.42 64.11 44.49 28.50 38.51 48.25 39.45 45.37 33.55
71.08 80.65 67.26 78.42 68.95 64.27 47.58 134.20 95.17 31.39 32.69 56.29 131.30 136.46 43.28 52.85 46.35 46.10 71.23 24.91 50.90 136.20 131.61 35.51 48.28 39.39 43.30 54.35 68.44 36.53 138.81 131.43 154.26 2.40 0.00 7.71 11.23 55.32 17.80 63.49 73.86 65.74 88.40 77.24 78.74 52.47 156.02 115.40 72.88 79.86 79.86 76.37 76.82 53.93 73.11 42.42 92.69 90.42 88.67 86.92 80.94 108.96 112.03 83.35 89.72 93.86 115.49 124.60 105.04 102.43 23.97 28.14 21.15 17.80 30.84 68.29 71.44 55.50 142.94 67.64 76.96 68.77 62.34 39.74 41.45 83.53 78.83 69.20 66.27 160.30 56.16 73.14 68.39 99.87 87.43 164.44 131.41 34.37 46.37 38.37 74.42 54.13 66.04 139.69 44.09 136.90 143.43 76.95 136.21 147.94 64.54 76.82 65.45 46.61 30.13 40.52 50.41 41.65 47.49 31.15
65.38 74.39 61.05 72.36 75.75 71.92 55.28 138.71 96.83 28.01 28.27 61.14 137.73 142.98 36.17 45.34 39.06 38.49 67.08 21.19 57.89 141.73 138.97 29.58 42.39 33.29 37.06 62.02 76.06 43.60 146.26 138.60 161.63 5.53 7.71 0.00 14.04 53.44 11.74 57.47 67.31 59.46 82.69 72.89 74.15 46.98 162.86 122.61 79.91 86.90 86.90 83.40 84.33 60.91 80.15 49.39 100.17 97.59 95.84 94.09 88.11 113.07 115.89 90.86 96.21 100.54 119.56 128.71 110.54 108.98 31.20 34.88 27.71 24.24 37.62 69.45 72.42 57.62 149.74 74.71 83.85 75.63 69.16 46.31 48.40 84.09 83.27 75.48 73.81 165.27 54.49 70.04 70.69 99.95 88.61 168.88 138.66 27.44 39.35 31.41 68.21 49.11 61.00 144.28 50.85 143.08 149.02 80.27 141.47 153.26 58.65 70.47 59.25 38.96 23.35 33.00 42.73 33.95 39.84 38.56
65.05 75.63 62.31 72.99 63.45 63.05 47.66 124.67 84.02 23.31 25.92 47.16 124.66 130.03 41.43 52.44 45.05 46.65 62.92 34.86 46.24 127.93 127.92 43.51 56.28 47.14 50.82 53.49 66.75 32.49 135.54 126.92 150.53 12.43 11.23 14.04 0.00 45.09 16.39 58.23 69.59 60.99 82.20 69.10 70.90 46.47 150.39 111.08 68.10 75.08 75.08 71.59 74.28 49.18 68.36 37.84 89.77 86.06 84.32 82.57 76.62 99.05 101.92 80.72 83.31 87.93 105.55 114.70 96.74 96.12 21.34 23.28 16.27 12.94 25.98 57.06 60.21 44.42 137.22 63.05 71.71 63.46 56.96 33.96 36.82 72.31 69.23 62.40 64.00 151.27 45.79 63.69 57.38 88.70 76.22 154.84 127.22 40.69 52.32 44.55 69.39 47.30 59.00 130.25 38.78 129.74 135.24 66.44 127.55 139.36 58.97 72.03 60.54 47.42 28.18 40.65 51.55 43.47 48.39 28.98
37.80 50.31 41.15 46.41 79.20 92.19 82.03 109.64 53.27 26.14 28.17 50.67 127.23 133.26 44.02 54.09 47.28 54.29 24.68 72.55 69.39 121.35 143.04 74.22 84.51 76.30 78.53 84.92 94.13 62.04 151.81 138.90 164.28 55.49 55.32 53.44 45.09 0.00 43.83 37.20 49.20 41.19 50.38 30.57 33.47 28.49 156.15 124.99 85.61 91.41 91.41 88.49 98.24 71.14 85.96 64.02 110.69 102.38 100.88 99.40 94.39 83.32 84.02 103.60 91.55 97.62 88.79 97.40 92.97 103.03 58.23 55.34 52.52 51.46 56.63 28.14 29.08 28.86 143.33 82.22 86.79 79.92 74.69 58.32 63.21 36.45 61.48 72.96 90.20 138.27 1.76 20.14 36.61 49.30 43.42 137.54 140.46 67.62 74.89 69.90 45.54 24.49 28.68 115.53 62.49 129.34 128.62 50.50 118.56 130.05 36.15 48.62 40.18 55.57 41.36 50.19 59.01 56.69 56.37 63.64
53.68 62.92 49.54 60.78 79.52 79.20 63.35 136.83 90.80 17.72 17.00 60.87 139.99 145.48 25.85 36.29 29.20 30.28 55.62 28.72 62.56 141.89 144.26 32.39 44.40 35.34 38.49 69.51 83.00 48.87 151.91 143.12 166.86 16.38 17.80 11.74 16.39 43.83 0.00 45.86 56.06 48.00 71.00 61.34 62.52 35.24 166.20 127.34 84.33 91.30 91.30 87.82 90.64 65.47 84.60 54.20 106.15 102.34 100.60 98.86 92.92 110.65 113.03 97.09 98.91 103.74 117.02 126.18 110.80 111.72 37.48 39.67 32.65 29.26 42.36 63.10 65.78 52.94 153.01 79.33 87.82 79.58 73.09 50.15 53.17 76.76 81.79 77.91 80.33 164.15 45.06 59.19 65.93 91.88 82.00 166.75 143.49 27.50 38.12 30.93 56.71 37.40 49.28 142.55 55.03 144.71 149.26 76.92 141.05 152.90 46.99 59.05 47.73 31.03 12.50 24.32 35.16 27.17 32.00 45.14
8.83 17.40 4.41 14.93 111.12 118.57 104.88 146.55 88.10 36.05 32.46 84.59 163.58 169.55 24.73 26.60 24.73 31.67 22.82 67.96 97.81 158.52 176.55 62.40 67.97 62.53 62.91 109.75 121.52 86.81 185.02 173.32 198.42 62.23 63.49 57.47 58.23 37.20 45.86 0.00 12.68 4.00 25.49 24.74 23.73 12.18 192.16 158.65 117.13 123.56 123.56 120.34 127.45 100.19 117.46 90.66 141.53 134.82 133.20 131.59 126.10 120.38 120.87 133.43 126.18 132.01 125.71 134.16 129.81 138.23 78.39 78.12 72.54 69.94 80.31 65.12 65.63 65.02 179.19 112.97 119.23 111.60 105.67 85.31 89.68 70.40 98.24 106.30 118.09 175.21 38.84 33.44 73.79 78.71 78.16 173.90 174.53 54.65 55.95 54.80 11.17 13.73 11.82 152.43 90.16 166.10 165.80 87.68 155.75 167.23 2.10 13.96 3.02 32.66 34.54 31.90 33.83 37.36 32.89 85.59
12.90 8.50 8.31 9.39 123.77 130.78 116.74 157.87 98.47 48.16 44.25 97.25 176.04 182.03 31.98 28.82 30.44 35.71 30.88 75.12 110.30 170.51 189.22 67.57 71.00 66.98 66.62 121.83 133.84 99.03 197.69 185.99 211.10 72.37 73.86 67.31 69.59 49.20 56.06 12.68 0.00 8.99 20.49 30.32 28.09 24.63 204.71 171.33 129.77 136.21 136.21 132.98 139.91 112.71 130.09 103.03 154.11 147.48 145.86 144.24 138.74 131.91 132.17 145.94 138.84 144.68 137.07 145.37 142.10 150.86 90.19 90.22 84.42 81.68 92.48 76.74 76.99 77.44 191.75 125.57 131.89 124.25 118.29 97.74 102.04 80.69 110.55 118.98 130.46 186.54 50.77 42.12 85.76 87.38 88.61 184.72 187.21 59.96 58.75 59.29 5.45 26.39 21.34 163.74 102.62 178.44 177.75 99.67 167.57 178.95 13.19 4.61 9.75 36.35 43.97 37.95 36.01 42.02 36.22 97.51
9.69 14.93 1.85 13.22 114.82 121.86 107.94 150.50 91.90 39.25 35.43 88.45 167.54 173.51 25.37 25.37 24.73 31.16 25.89 68.85 101.31 162.52 180.31 62.53 67.38 62.40 62.53 112.95 124.88 90.10 188.75 177.15 202.22 64.37 65.74 59.46 60.99 41.19 48.00 4.00 8.99 0.00 24.53 27.09 25.68 15.64 196.10 162.43 120.80 127.26 127.26 124.02 130.93 103.72 121.12 94.06 145.12 138.53 136.90 135.28 129.77 124.35 124.81 136.95 130.05 135.86 129.66 138.10 133.80 142.13 81.41 81.32 75.61 72.92 83.57 69.09 69.57 69.00 183.12 116.59 122.95 115.29 109.31 88.76 93.07 74.17 102.23 110.10 121.49 179.17 42.83 36.78 77.79 82.15 81.97 177.79 178.33 54.80 55.23 54.65 8.77 17.62 15.10 156.38 93.63 170.09 169.80 91.67 159.75 171.21 5.33 11.09 1.06 32.04 36.26 32.15 32.71 37.15 32.15 88.68
17.33 12.27 22.71 11.60 129.28 139.89 127.40 152.76 91.58 59.11 56.32 101.02 176.34 182.41 49.86 48.89 49.22 55.34 26.12 93.30 117.98 167.90 193.42 86.97 91.19 86.69 86.60 131.62 142.40 108.41 202.19 189.19 214.60 87.28 88.40 82.69 82.20 50.38 71.00 25.49 20.49 24.53 0.00 21.49 18.25 35.95 205.53 175.36 135.60 141.59 141.59 138.58 147.42 120.06 135.94 111.57 160.56 152.64 151.12 149.60 144.47 127.85 127.33 153.07 141.86 147.96 132.35 140.00 141.43 153.15 101.31 100.24 95.36 93.10 102.18 74.48 73.79 79.03 192.91 131.94 137.02 129.93 124.45 105.98 110.65 74.25 110.47 123.30 138.70 181.17 51.50 35.58 84.58 77.08 82.25 177.80 190.80 79.25 78.95 78.95 16.40 34.96 23.80 158.50 110.60 177.69 174.91 98.17 164.22 175.13 24.09 15.89 24.37 56.11 59.99 56.67 56.19 61.48 56.10 108.13
17.92 26.57 25.69 22.80 109.72 122.33 111.20 131.53 70.63 46.00 44.69 80.97 155.00 161.08 46.92 51.14 48.03 55.45 6.31 87.55 99.76 146.41 173.01 84.35 91.36 85.07 85.97 114.67 124.46 91.53 181.86 168.46 193.91 76.62 77.24 72.89 69.10 30.57 61.34 24.74 30.32 27.09 21.49 0.00 3.25 27.98 184.25 154.94 116.15 121.87 121.87 118.99 128.77 101.60 116.50 94.02 141.24 132.75 131.29 129.83 124.90 106.44 106.02 134.16 121.23 127.38 111.02 118.80 120.02 132.26 86.04 84.06 80.11 78.36 85.69 53.05 52.30 58.45 171.69 112.79 117.22 110.45 105.26 88.33 93.16 53.09 89.20 103.25 120.58 160.02 31.40 14.09 63.25 57.59 61.11 157.05 170.20 76.70 79.65 77.49 24.95 24.45 13.94 137.30 92.68 156.24 153.43 76.75 142.77 153.73 22.64 27.18 26.19 56.55 52.80 54.43 58.20 60.56 56.91 92.25
16.18 23.78 24.16 20.12 112.67 124.96 113.60 134.71 73.75 47.68 46.08 83.99 158.23 164.31 46.85 50.32 47.70 54.99 8.86 88.21 102.49 149.65 176.11 84.50 91.11 85.07 85.82 117.20 127.16 94.02 184.94 171.60 197.05 78.04 78.74 74.15 70.90 33.47 62.52 23.73 28.09 25.68 18.25 3.25 0.00 28.40 187.47 158.04 119.08 124.85 124.85 121.95 131.59 104.37 119.43 96.63 144.16 135.76 134.29 132.82 127.86 109.66 109.21 137.02 124.35 130.50 114.23 121.98 123.26 135.42 88.26 86.43 82.31 80.47 88.11 56.29 55.54 61.54 174.91 115.68 120.21 113.39 108.15 90.95 95.76 56.25 92.42 106.28 123.30 163.19 34.37 17.33 66.47 60.40 64.27 160.14 173.32 76.81 79.28 77.44 22.66 25.25 13.94 140.48 95.35 159.49 156.67 79.99 146.00 156.95 21.63 24.69 24.85 56.06 53.50 54.34 57.49 60.31 56.37 94.57
18.66 29.43 16.54 26.56 99.22 106.39 92.77 137.97 81.37 23.93 20.56 73.18 152.77 158.71 19.49 26.77 21.45 29.03 23.45 59.84 85.68 148.76 164.77 56.40 63.92 57.25 58.36 97.59 109.34 74.63 173.19 161.74 186.75 51.40 52.47 46.98 46.47 28.49 35.24 12.18 24.63 15.64 35.95 27.98 28.40 0.00 181.13 146.93 105.18 111.66 111.66 108.41 115.31 88.08 105.50 78.49 129.48 122.94 121.31 119.68 114.15 111.54 112.40 121.32 114.75 120.50 117.13 125.81 119.48 126.95 66.33 65.95 60.46 57.92 68.14 56.55 57.56 54.61 168.09 100.95 107.38 99.68 93.68 73.15 77.51 64.05 87.96 94.64 105.92 166.55 30.24 31.42 64.40 74.55 71.43 166.02 162.87 48.79 52.59 49.77 23.27 4.65 14.53 143.86 78.01 155.63 156.10 78.13 146.31 157.92 12.58 26.13 14.92 30.25 25.20 26.94 32.84 33.35 30.83 73.47
193.92 206.45 196.43 202.56 87.12 98.54 114.95 72.09 122.50 161.49 166.28 108.24 29.39 23.31 187.38 199.36 191.37 195.17 179.45 178.91 105.15 47.66 35.65 191.29 203.84 195.24 199.20 107.35 93.70 119.53 36.96 28.78 28.51 158.40 156.02 162.86 150.39 156.15 166.20 192.16 204.71 196.10 205.53 184.25 187.47 181.13 0.00 43.53 83.29 76.40 76.40 79.84 84.04 102.11 83.09 113.61 69.30 66.68 68.37 70.07 75.88 84.88 88.09 78.23 67.40 62.47 83.79 81.35 64.68 54.69 132.15 127.99 135.15 138.63 125.26 131.30 132.45 127.39 13.20 88.59 79.07 87.25 93.71 116.60 114.57 135.77 95.06 88.40 93.81 62.77 154.76 170.44 121.00 143.02 128.84 77.56 31.27 190.28 202.22 194.26 201.51 178.49 184.82 69.78 112.02 30.81 44.63 107.70 54.40 51.61 191.52 204.61 195.18 196.16 175.92 189.16 200.41 193.18 197.16 125.51
161.78 174.32 163.04 170.62 48.20 55.27 72.05 75.47 104.26 125.28 129.95 74.45 32.17 33.08 150.33 162.14 154.27 157.20 149.46 137.23 64.87 55.69 18.07 150.08 162.40 154.07 158.07 64.40 50.43 79.03 26.98 16.10 39.87 117.80 115.40 122.61 111.08 124.99 127.34 158.65 171.33 162.43 175.36 154.94 158.04 146.93 43.53 0.00 43.01 36.06 36.06 39.54 40.79 61.91 42.74 73.35 25.77 25.04 26.79 28.54 34.51 73.52 78.29 34.79 33.98 27.74 75.91 78.43 47.98 25.55 91.45 87.98 95.17 98.66 85.23 104.24 106.30 96.50 32.07 48.04 39.86 47.96 54.38 77.19 74.36 113.04 68.91 52.38 50.90 82.58 123.87 141.99 93.76 124.54 107.70 95.36 16.16 149.77 161.77 153.77 168.85 144.97 152.96 76.60 72.32 41.37 58.72 82.62 61.52 67.19 158.33 171.93 161.60 158.08 138.04 151.15 162.30 154.50 159.08 84.34
120.99 133.38 121.54 129.83 6.54 23.10 34.45 80.01 79.31 82.81 87.40 35.71 60.42 64.96 107.49 119.24 111.40 114.21 110.28 95.65 22.01 71.95 60.20 108.01 120.55 111.98 115.94 27.76 20.03 36.35 68.27 58.83 82.68 75.27 72.88 79.91 68.10 85.61 84.33 117.13 129.77 120.80 135.60 116.15 119.08 105.18 83.29 43.01 0.00 7.00 7.00 3.50 16.23 19.00 0.35 30.52 25.12 18.08 16.37 14.66 8.97 63.49 68.45 19.29 20.68 22.49 68.94 75.89 44.81 31.69 48.93 45.10 52.30 55.80 42.35 69.77 72.59 58.77 70.31 5.31 5.13 5.70 11.54 34.18 31.51 82.25 41.73 15.10 16.80 99.59 84.75 104.18 60.17 97.06 79.14 108.18 59.17 107.23 119.21 111.22 127.67 103.60 112.46 83.99 29.32 67.41 78.29 53.38 74.46 84.85 116.99 130.72 120.02 115.08 95.07 108.15 119.29 111.50 116.07 42.22
127.22 139.66 127.96 136.07 12.44 26.92 40.26 76.96 81.66 89.51 94.13 41.00 54.12 58.46 114.34 126.12 118.26 121.14 116.08 102.52 29.01 67.12 53.39 114.95 127.46 118.92 122.89 33.16 22.98 43.33 61.59 51.84 75.80 82.25 79.86 86.90 75.08 91.41 91.30 123.56 136.21 127.26 141.59 121.87 124.85 111.66 76.40 36.06 7.00 0.00 0.00 3.50 16.23 26.00 6.75 37.51 20.18 11.30 9.65 8.04 3.72 62.49 67.55 16.77 16.44 16.68 67.53 73.88 41.74 25.85 55.90 52.10 59.30 62.80 49.35 74.23 76.88 64.00 63.46 12.22 4.78 12.02 18.34 41.15 38.51 85.94 43.78 19.10 20.74 95.09 90.48 109.64 64.30 100.13 82.29 104.33 52.22 114.21 126.19 118.21 134.01 109.97 118.60 80.59 36.31 61.44 73.19 56.30 70.10 80.08 123.37 137.07 126.46 122.02 101.98 115.08 126.24 118.47 123.01 49.13
127.22 139.66 127.96 136.07 12.44 26.92 40.26 76.96 81.66 89.51 94.13 41.00 54.12 58.46 114.34 126.12 118.26 121.14 116.08 102.52 29.01 67.12 53.39 114.95 127.46 118.92 122.89 33.16 22.98 43.33 61.59 51.84 75.80 82.25 79.86 86.90 75.08 91.41 91.30 123.56 136.21 127.26 141.59 121.87 124.85 111.66 76.40 36.06 7.00 0.00 0.00 3.50 16.23 26.00 6.75 37.51 20.18 11.30 9.65 8.04 3.72 62.49 67.55 16.77 16.44 16.68 67.53 73.88 41.74 25.85 55.90 52.10 59.30 62.80 49.35 74.23 76.88 64.00 63.46 12.22 4.78 12.02 18.34 41.15 38.51 85.94 43.78 19.10 20.74 95.09 90.48 109.64 64.30 100.13 82.29 104.33 52.22 114.21 126.19 118.21 134.01 109.97 118.60 80.59 36.31 61.44 73.19 56.30 70.10 80.08 123.37 137.07 126.46 122.02 101.98 115.08 126.24 118.47 123.01 49.13
124.10 136.51 124.74 132.94 9.30 24.84 37.30 78.42 80.42 86.16 90.76 38.29 57.25 61.70 110.91 122.68 114.83 117.67 113.17 99.08 25.51 69.49 56.79 111.48 124.00 115.45 119.41 30.38 21.27 39.84 64.92 55.33 79.23 78.76 76.37 83.40 71.59 88.49 87.82 120.34 132.98 124.02 138.58 118.99 121.95 108.41 79.84 39.54 3.50 3.50 3.50 0.00 15.85 22.50 3.26 34.01 22.51 14.66 12.97 11.30 5.91 62.90 67.92 17.73 18.35 19.48 68.15 74.81 43.16 28.71 52.42 48.60 55.80 59.30 45.85 71.95 74.68 61.34 66.88 8.75 3.51 8.73 14.92 37.66 35.01 84.04 42.62 16.86 18.55 97.30 87.59 106.89 62.17 98.55 80.66 106.21 55.69 110.72 122.70 114.71 130.83 106.77 115.52 82.23 32.81 64.40 75.70 54.75 72.23 82.43 120.17 133.89 123.23 118.55 98.53 111.62 122.76 114.98 119.54 45.67
