130
0.00 18.00 34.94 85.17 114.13 69.36 64.91 51.19 12.26 90.34 111.02 92.72 51.92 99.20 126.28 103.51 100.03 107.82 62.51 62.23 74.26 79.08 78.09 91.12 94.74 85.84 106.39 49.27 93.45 89.60 76.15 63.24 98.84 116.73 103.99 48.93 69.39 52.44 56.49 52.44 86.72 96.43 96.29 40.50 40.12 64.44 64.44 92.68 101.92 54.41 58.98 59.49 63.24 60.82 109.98 97.00 76.60 27.92 106.23 114.17 103.40 90.58 112.45 104.20 111.59 86.21 117.67 82.55 115.17 90.64 87.36 83.99 73.84 30.62 101.54 78.77 41.38 47.01 33.70 11.09 9.72 35.40 61.68 80.17 80.13 75.65 83.29 112.11 128.85 77.16 76.60 76.36 91.24 79.14 79.65 78.86 78.90 14.73 13.79 91.87 90.26 72.89 24.10 71.58 38.62 65.44 83.20 78.64 79.24 80.05 80.96 46.64 29.49 36.79 68.09 89.34 83.37 73.61 75.60 75.37 86.43 103.28 108.87 117.47 116.85 75.88 72.01 32.83 54.86 54.12
18.00 0.00 30.00 67.59 101.65 51.36 46.92 33.42 17.26 91.45 106.20 80.32 53.25 100.10 116.71 99.82 101.29 93.67 63.34 66.20 66.09 72.87 75.79 82.50 86.47 70.44 95.47 52.63 90.29 86.31 62.71 46.18 87.72 105.49 100.90 43.54 66.78 50.31 50.83 50.31 72.82 78.50 78.32 42.33 44.14 51.61 51.61 84.27 94.33 37.40 43.79 44.48 49.38 43.65 109.47 79.60 58.75 14.14 91.77 100.57 87.23 72.69 98.62 88.18 96.80 70.34 103.75 65.70 101.70 74.97 70.97 67.51 56.77 18.19 90.60 74.37 34.44 39.20 36.52 14.23 13.98 18.20 43.71 62.18 63.50 57.74 67.44 100.90 116.80 59.62 58.90 58.36 73.25 61.22 61.87 60.86 60.91 8.33 15.04 73.87 79.25 57.54 24.40 72.90 22.30 49.60 66.05 61.61 62.37 63.39 64.54 42.23 24.57 20.79 52.37 74.48 68.46 56.18 58.76 58.46 71.10 104.16 104.55 109.11 103.52 77.78 67.86 33.21 49.26 61.06
34.94 30.00 0.00 67.10 81.20 58.92 57.22 49.26 43.24 62.00 76.97 105.38 82.66 70.50 91.51 70.14 71.80 77.23 34.31 39.46 39.38 102.28 105.79 110.72 59.81 58.83 72.30 26.65 60.44 56.47 87.10 63.83 64.98 82.75 71.06 14.15 36.78 20.42 21.72 20.42 56.48 86.93 86.07 16.62 20.92 34.01 34.01 57.78 66.99 37.64 34.55 34.48 73.99 43.37 79.53 76.80 69.90 42.84 76.21 82.58 105.01 75.10 121.14 106.35 117.62 89.78 126.01 82.38 124.74 94.66 88.86 60.44 53.81 15.73 116.95 104.20 64.24 68.69 14.84 23.97 39.27 41.03 54.89 70.51 57.50 61.96 87.10 78.16 95.36 59.50 60.34 65.12 80.26 71.15 73.58 67.37 69.17 37.05 42.41 80.56 56.46 46.84 11.95 102.48 25.73 41.79 62.63 57.92 57.70 57.51 57.44 72.21 5.69 24.17 43.70 96.01 90.19 55.72 54.32 54.42 91.78 74.53 75.10 82.53 126.71 107.23 97.75 9.76 79.07 88.16
85.17 67.59 67.10 0.00 61.23 20.72 26.72 40.13 83.38 109.11 99.05 80.10 103.83 114.87 86.89 98.73 116.90 45.95 90.08 99.83 62.59 99.65 112.57 97.82 71.82 25.12 65.04 90.33 94.11 91.01 66.12 40.52 59.22 70.43 101.70 66.47 82.08 76.44 66.98 76.44 36.46 27.32 25.56 82.35 87.31 40.96 40.96 69.93 79.59 31.29 33.08 33.46 60.48 24.81 117.32 12.42 26.13 65.09 42.75 54.21 59.07 9.58 83.84 60.99 76.28 53.31 86.98 42.61 88.27 56.84 48.85 14.92 13.41 57.75 93.70 105.98 78.29 77.92 81.93 77.17 80.97 54.47 29.42 19.85 13.72 12.61 52.44 67.22 75.10 8.05 8.94 16.69 20.50 23.52 27.94 15.77 19.62 74.17 80.46 20.06 55.26 25.81 75.26 118.70 47.17 26.28 7.13 10.33 11.64 13.52 15.66 86.48 67.70 49.15 25.41 62.68 59.75 11.75 13.79 13.41 57.77 117.92 99.78 86.57 90.37 123.84 102.18 76.86 87.41 118.75
114.13 101.65 81.20 61.23 0.00 77.61 82.46 90.50 118.73 81.36 52.91 140.73 151.25 82.62 27.06 58.06 84.79 16.14 79.15 90.24 45.62 156.08 166.49 156.86 33.25 38.17 13.76 88.86 59.96 59.26 125.42 97.49 17.73 10.50 61.60 69.88 65.76 73.88 64.02 73.88 30.18 86.41 84.43 87.32 92.09 50.08 50.08 33.40 35.19 70.14 59.35 58.42 117.30 66.82 78.38 56.03 86.60 107.23 19.35 9.76 119.76 68.56 144.95 121.70 137.14 114.39 147.91 103.66 149.40 118.04 110.05 47.57 58.35 84.19 154.39 161.32 126.70 128.40 91.53 103.20 115.07 98.20 83.75 80.85 50.96 71.26 113.33 10.03 15.41 62.65 65.72 76.62 80.61 84.41 88.90 76.42 80.41 109.96 116.69 79.93 25.35 47.77 93.14 169.16 80.47 55.99 55.14 55.65 53.68 51.21 48.66 135.68 85.71 81.50 53.33 123.72 120.40 62.66 55.31 56.04 118.76 83.88 55.46 31.57 151.48 174.35 156.42 88.24 139.18 162.18
69.36 51.36 58.92 20.72 77.61 0.00 6.02 20.26 65.65 110.78 107.65 63.65 83.24 117.67 101.44 105.52 119.53 63.61 87.84 96.13 67.10 79.76 92.12 79.30 81.02 39.46 78.68 84.75 99.17 95.61 47.81 20.36 71.82 85.74 108.08 62.66 82.70 73.07 65.49 73.07 49.11 28.31 27.72 75.39 79.84 43.34 43.34 78.87 89.39 21.74 30.98 31.91 40.49 17.75 122.28 32.81 12.06 46.26 60.60 71.91 49.87 22.24 71.62 51.56 65.51 38.95 75.59 28.70 75.89 43.37 35.74 30.36 19.41 46.06 77.28 85.79 57.75 57.23 73.32 63.00 63.75 35.83 8.96 11.65 26.68 8.14 37.24 81.97 92.37 15.47 12.70 7.00 22.21 12.42 15.70 9.50 10.31 56.82 62.61 22.73 65.95 32.85 64.36 97.99 34.56 27.53 23.81 22.08 24.01 26.44 28.97 65.83 57.83 36.53 28.81 47.80 43.62 14.96 22.39 21.64 42.79 121.14 107.72 99.06 78.01 103.13 81.75 68.24 66.70 98.51
64.91 46.92 57.22 26.72 82.46 6.02 0.00 14.67 60.55 111.48 110.31 59.77 77.23 118.64 105.71 107.70 120.45 68.83 87.58 95.35 69.05 74.25 86.33 74.43 84.04 44.31 82.85 83.51 100.91 97.25 43.24 15.04 75.79 90.28 110.12 62.29 83.33 72.66 65.77 72.66 53.41 31.69 31.42 73.83 78.06 45.33 45.33 81.84 92.49 21.55 32.41 33.43 35.05 19.25 123.85 38.83 12.75 40.87 65.89 77.10 49.05 27.96 69.31 50.62 63.81 36.44 73.54 26.89 73.47 41.10 33.90 35.65 24.12 43.45 73.29 80.13 51.75 51.21 71.26 59.18 58.84 30.62 3.29 15.26 31.78 14.16 34.39 86.39 97.38 21.09 18.49 12.18 26.35 14.56 16.38 14.56 14.00 51.90 57.48 27.01 69.52 36.50 61.66 92.01 32.01 30.21 29.50 27.35 29.20 31.55 34.00 59.81 55.59 33.88 31.92 44.82 40.16 20.01 27.17 26.44 39.87 122.22 110.19 102.81 75.58 97.15 75.97 66.23 60.73 92.56
51.19 33.42 49.26 40.13 90.50 20.26 14.67 0.00 46.06 107.95 111.73 58.45 64.04 115.71 111.71 107.89 117.35 78.29 82.14 88.60 69.46 65.93 76.06 69.05 86.83 53.22 88.83 75.90 100.09 96.23 40.34 14.58 81.33 97.27 109.95 57.25 80.11 67.19 62.16 67.19 60.45 45.38 45.37 65.69 69.36 46.95 46.95 84.55 95.35 21.61 33.94 35.04 28.80 23.69 122.31 52.51 25.44 26.22 75.60 86.34 56.11 42.49 72.22 57.35 68.37 40.52 76.97 33.66 75.99 45.40 39.81 46.17 33.98 33.99 71.21 70.85 38.46 38.83 62.06 46.59 44.55 16.16 11.41 29.57 41.97 28.07 37.84 93.06 105.79 33.30 31.32 26.83 40.66 28.11 28.47 29.23 28.39 37.64 42.98 41.38 74.09 42.81 51.30 80.03 23.72 34.89 41.44 38.23 39.78 41.77 43.89 46.99 46.43 25.12 37.36 47.00 41.35 31.04 36.89 36.28 42.62 119.50 111.14 107.31 78.01 85.23 65.94 57.29 49.16 78.62
12.26 17.26 43.24 83.38 118.73 65.65 60.55 46.06 0.00 101.53 120.19 81.69 40.43 110.35 132.97 113.14 111.29 110.93 73.46 73.94 81.60 66.84 66.04 79.09 102.12 87.63 112.15 60.74 103.25 99.33 65.76 56.27 104.44 122.28 113.85 57.38 79.25 62.30 64.93 62.30 90.06 91.26 91.35 51.45 51.62 68.65 68.65 99.98 109.71 54.13 61.04 61.74 53.29 60.18 120.76 95.61 71.24 20.22 109.03 117.80 94.74 87.63 101.98 95.39 101.71 77.41 107.23 74.92 104.50 81.62 79.11 84.36 73.28 34.69 89.96 66.53 29.45 35.15 44.77 20.09 3.97 29.94 57.26 75.62 80.28 72.71 74.51 117.67 133.80 75.56 74.52 72.54 86.72 74.09 73.95 75.00 74.44 9.35 3.10 87.44 95.91 74.76 33.95 60.26 39.49 66.75 82.43 78.12 79.00 80.16 81.43 34.39 37.55 38.03 69.53 79.68 73.80 72.28 75.43 75.09 77.17 114.44 118.25 124.87 106.10 64.76 59.77 43.13 42.64 45.05
90.34 91.45 62.00 109.11 81.36 110.78 111.48 107.95 101.53 0.00 37.42 166.00 141.96 8.86 71.28 27.89 9.84 89.39 28.19 29.53 46.92 164.20 166.78 172.64 48.29 88.08 67.60 41.20 21.70 22.12 147.70 121.90 65.51 75.04 25.36 50.88 28.15 41.73 45.92 41.73 78.16 135.10 133.65 50.08 50.31 68.64 68.64 48.58 46.98 89.95 79.87 79.01 134.96 93.03 20.93 113.42 122.84 104.79 90.74 89.01 160.45 118.66 179.84 162.06 175.09 147.29 184.40 138.33 183.75 152.11 145.29 96.02 97.00 77.20 178.14 165.81 125.90 130.55 56.77 81.59 97.81 102.62 110.15 120.95 95.64 110.23 144.89 72.32 87.80 104.01 106.26 115.09 127.91 122.90 126.48 116.69 119.77 97.50 101.62 127.81 62.11 83.30 67.96 161.77 84.74 84.62 102.35 98.84 97.48 95.81 94.12 133.49 67.04 83.79 84.50 154.68 149.19 101.00 95.62 96.14 150.05 12.93 33.78 59.01 185.81 166.17 159.25 58.72 140.71 143.73
111.02 106.20 76.97 99.05 52.91 107.65 110.31 111.73 120.19 37.42 0.00 169.43 159.40 34.49 35.54 9.73 36.35 65.55 52.85 60.47 42.35 175.11 181.09 180.50 27.23 74.38 40.28 67.21 19.30 22.42 151.78 123.63 42.29 43.99 12.10 62.89 42.15 58.75 55.43 58.75 62.95 126.37 124.60 72.20 74.83 65.23 65.23 29.16 19.89 90.59 78.42 77.34 140.49 91.12 26.48 99.25 119.23 117.24 67.90 62.22 156.57 108.31 179.27 158.39 172.95 146.53 183.20 136.34 183.54 151.02 143.37 84.25 89.86 88.71 182.62 178.32 139.02 142.64 78.77 100.51 116.23 111.82 110.05 115.43 85.55 104.39 144.64 42.89 54.73 96.45 99.32 109.89 119.46 118.26 122.49 110.78 114.51 113.80 119.37 119.09 43.96 75.33 86.92 179.10 91.98 80.20 91.92 89.85 88.03 85.78 83.45 147.59 82.66 91.83 78.85 155.12 150.40 94.50 87.53 88.23 150.15 34.22 3.66 23.88 185.65 183.96 172.26 78.40 153.56 164.95
92.72 80.32 105.38 80.10 140.73 63.65 59.77 58.45 81.69 166.00 169.43 0.00 64.40 173.94 165.08 166.08 175.53 125.93 139.40 144.62 127.46 34.45 51.52 22.44 143.61 102.83 142.33 131.30 158.49 154.64 18.32 45.81 135.43 149.23 168.24 115.13 138.40 124.67 120.45 124.67 112.77 60.95 62.74 120.82 123.56 104.21 104.21 141.38 152.10 78.89 91.01 92.09 31.43 78.54 180.76 88.72 54.17 66.39 122.77 134.23 33.20 74.81 22.05 32.03 26.20 27.34 27.09 37.68 23.45 25.22 32.41 93.16 83.03 89.65 13.66 42.45 53.21 47.63 115.91 94.24 83.11 64.58 59.56 60.26 89.90 69.48 27.73 145.56 155.06 78.11 75.03 64.12 63.79 56.59 52.17 64.47 60.52 78.59 79.30 64.72 129.28 96.23 103.96 65.53 81.27 89.85 85.68 85.17 87.16 89.65 92.24 52.72 101.37 82.26 91.67 18.25 20.36 78.47 85.96 85.21 22.68 177.78 169.06 162.56 24.78 69.03 43.79 111.80 45.50 82.40
51.92 53.25 82.66 103.83 151.25 83.24 77.23 64.04 40.43 141.96 159.40 64.40 0.00 150.78 168.80 152.80 151.71 140.81 113.88 114.14 119.17 35.67 27.76 51.50 139.39 115.94 146.83 101.09 143.08 139.13 56.06 65.52 139.04 156.41 153.71 96.58 119.23 102.38 103.98 102.38 121.24 100.94 101.82 91.88 91.94 102.42 102.42 137.16 147.40 81.56 91.91 92.85 49.94 86.02 161.13 116.05 82.97 44.21 138.38 148.51 90.05 104.58 86.42 89.86 89.82 74.42 91.36 77.62 87.34 76.82 78.38 109.90 97.74 71.17 66.83 31.59 25.59 26.42 85.20 60.45 44.19 53.12 74.42 89.28 105.66 91.37 72.09 151.90 166.65 97.31 95.20 88.76 99.03 86.36 84.10 90.78 88.51 45.64 40.53 99.97 130.81 104.11 74.26 19.87 71.31 95.71 105.49 102.17 103.63 105.48 107.42 17.58 77.01 70.64 98.50 71.73 67.41 95.06 100.54 99.98 71.80 154.87 157.67 161.87 88.32 24.57 25.51 83.49 20.31 18.32
99.20 100.10 70.50 114.87 82.62 117.67 118.64 115.71 110.35 8.86 34.49 173.94 150.78 0.00 69.69 25.85 2.19 92.01 36.96 38.21 52.29 172.77 175.53 181.00 50.33 92.92 68.92 50.05 22.98 24.84 155.65 129.50 67.82 75.41 22.64 58.95 35.60 50.14 53.55 50.14 82.54 141.26 139.75 58.91 59.16 74.95 74.95 51.01 47.52 97.18 86.69 85.78 143.02 99.94 13.02 118.45 129.73 113.33 93.63 90.85 167.47 124.44 187.36 169.12 182.39 154.68 191.84 145.53 191.32 159.48 152.52 101.33 103.14 85.54 186.21 174.47 134.54 139.13 65.60 90.39 106.62 110.91 117.44 127.54 101.26 116.70 152.34 73.14 87.58 110.15 112.52 121.69 134.08 129.64 133.34 123.20 126.40 106.24 110.42 133.94 65.46 89.12 76.74 170.60 92.72 91.05 107.98 104.68 103.23 101.44 99.61 142.19 75.62 91.85 90.73 162.25 156.84 107.28 101.58 102.14 157.56 4.09 30.87 57.61 193.38 175.02 167.93 67.49 149.36 152.57
126.28 116.71 91.51 86.89 27.06 101.44 105.71 111.71 132.97 71.28 35.54 165.08 168.80 69.69 0.00 43.89 71.65 43.15 78.67 88.60 52.16 177.63 186.61 179.88 32.19 62.47 22.93 91.31 50.11 51.26 148.95 120.53 30.40 16.77 47.05 78.09 65.42 78.53 70.89 78.53 52.34 112.88 110.92 92.88 96.86 66.59 66.59 33.99 27.14 90.33 78.39 77.33 139.73 88.32 61.86 82.74 111.38 124.67 46.31 36.45 145.87 94.80 170.70 147.80 163.16 139.40 173.87 128.69 175.13 143.30 135.31 72.51 82.04 98.54 178.71 182.23 145.46 147.90 98.43 115.20 129.09 116.80 106.53 106.05 75.37 95.87 138.11 19.68 21.08 87.22 90.32 101.39 106.81 109.48 113.97 101.49 105.48 124.97 131.40 106.18 38.14 69.44 103.16 187.61 97.59 76.89 80.36 80.12 78.12 75.62 73.03 154.44 96.81 98.18 74.57 148.63 144.91 86.62 79.12 79.87 143.62 69.70 39.00 12.28 177.23 192.73 176.88 96.35 158.90 177.74
103.51 99.82 70.14 98.73 58.06 105.52 107.70 107.89 113.14 27.89 9.73 166.08 152.80 25.85 43.89 0.00 27.86 69.15 43.88 51.00 38.70 170.01 175.25 176.13 28.15 74.75 44.67 58.36 10.27 13.93 148.18 120.41 45.07 50.11 3.54 56.29 34.16 51.07 49.06 51.07 63.54 125.94 124.25 64.01 66.30 62.37 62.37 29.56 23.03 87.25 75.39 74.34 136.47 88.45 20.47 100.14 117.35 111.45 71.18 66.87 155.02 108.18 176.97 156.79 171.03 144.11 181.07 134.17 181.16 148.71 141.23 84.22 88.59 82.80 179.07 172.86 133.25 137.12 70.69 93.24 109.19 106.71 107.16 114.02 85.05 102.95 142.08 48.26 61.88 95.39 98.12 108.34 118.90 116.64 120.74 109.43 113.02 107.17 112.49 118.60 44.88 74.01 79.49 172.59 87.06 78.00 91.61 89.09 87.38 85.26 83.08 141.65 75.80 86.73 76.96 152.45 147.51 93.11 86.48 87.14 147.54 26.27 6.28 31.76 183.27 177.37 166.67 70.71 147.92 157.59
100.03 101.29 71.80 116.90 84.79 119.53 120.45 117.35 111.29 9.84 36.35 175.53 151.71 2.19 71.65 27.86 0.00 94.20 38.02 38.67 54.34 174.02 176.61 182.39 52.53 95.04 71.09 50.81 25.17 27.01 157.23 131.19 70.01 77.53 24.61 60.46 37.28 51.49 55.21 51.49 84.68 143.25 141.75 59.87 59.95 76.90 76.90 53.20 49.68 98.97 88.56 87.65 144.55 101.80 13.73 120.56 131.60 114.60 95.82 93.04 169.32 126.48 189.08 170.95 184.17 156.43 193.58 147.33 193.03 161.24 154.31 103.41 105.13 86.94 187.74 175.64 135.73 140.37 66.52 91.38 107.58 112.33 119.22 129.46 103.31 118.64 154.08 75.29 89.65 112.13 114.49 123.61 136.07 131.54 135.21 125.13 128.31 107.33 111.41 135.93 67.64 91.15 77.78 171.51 94.28 92.99 110.03 106.71 105.26 103.49 101.67 143.32 76.86 93.38 92.70 163.95 158.52 109.25 103.59 104.15 159.29 3.71 32.76 59.60 195.09 175.89 169.09 68.54 150.55 153.26
107.82 93.67 77.23 45.95 16.14 63.61 68.83 78.29 110.93 89.39 65.55 125.93 140.81 92.01 43.15 69.15 94.20 0.00 82.10 93.35 47.35 143.01 154.27 142.84 41.72 25.08 25.40 89.61 69.03 67.51 111.22 83.84 24.25 26.42 72.65 67.99 69.49 74.04 63.46 74.04 21.11 70.45 68.47 86.20 91.27 43.68 43.68 41.02 46.26 59.27 50.00 49.24 103.88 54.99 89.60 39.98 71.78 97.44 3.26 8.32 103.95 52.78 129.31 105.89 121.37 99.26 132.16 88.55 133.76 102.75 94.77 33.24 44.87 77.25 139.57 148.62 115.71 116.88 89.37 97.27 107.49 87.77 70.46 65.75 37.05 56.72 98.34 24.62 29.15 48.27 51.27 61.89 64.82 69.38 73.84 61.47 65.42 101.82 108.62 64.10 27.74 36.81 88.86 158.00 71.64 45.20 40.32 41.54 39.64 37.28 34.86 124.59 81.00 72.96 42.39 108.62 105.57 48.82 41.83 42.52 103.71 93.82 67.61 46.39 135.83 163.20 144.05 85.43 127.41 152.95
62.51 63.34 34.31 90.08 79.15 87.84 87.58 82.14 73.46 28.19 52.85 139.40 113.88 36.96 78.67 43.88 38.02 82.10 0.00 11.25 34.75 136.17 138.59 145.00 47.96 73.14 66.51 14.53 33.67 30.45 121.08 96.49 61.46 76.23 43.45 25.29 13.56 14.99 23.11 14.99 65.58 114.15 112.93 22.04 23.04 49.42 49.42 46.92 51.53 66.23 58.03 57.37 108.09 70.40 47.48 96.77 99.67 76.84 82.46 84.37 136.52 99.30 154.36 138.01 150.23 122.30 159.09 114.01 158.11 127.17 120.80 79.00 77.00 49.88 151.16 137.66 97.78 102.50 28.82 53.45 69.70 75.30 85.81 98.79 77.57 88.71 119.75 72.31 89.84 83.79 85.56 93.01 107.05 100.23 103.38 94.91 97.52 69.30 73.47 107.12 54.93 65.05 39.78 133.72 58.48 64.04 83.98 79.82 78.85 77.68 76.54 105.31 39.08 57.29 64.67 129.14 123.46 80.36 76.29 76.68 124.70 41.05 49.94 67.16 160.12 138.19 131.09 30.53 112.58 116.31
62.23 66.20 39.46 99.83 90.24 96.13 95.35 88.60 73.94 29.53 60.47 144.62 114.14 38.21 88.60 51.00 38.67 93.35 11.25 0.00 46.00 138.82 139.87 148.65 58.61 83.89 77.45 13.57 41.22 38.61 126.40 103.13 72.59 87.02 49.91 33.70 24.49 23.43 33.17 23.43 76.64 123.10 121.97 23.96 22.41 59.63 59.63 57.71 61.55 74.39 67.24 66.67 113.19 79.05 50.35 107.05 107.74 80.18 93.70 95.59 143.92 108.88 160.60 145.34 156.97 129.08 165.45 121.31 164.20 133.96 127.94 89.33 86.59 55.14 155.89 139.67 100.21 105.26 29.78 54.57 70.42 80.06 93.34 107.36 87.68 97.64 126.44 83.19 100.62 93.23 94.82 101.65 116.09 108.55 111.45 103.67 106.06 71.13 74.42 116.21 66.16 75.25 41.82 133.79 64.91 73.60 93.96 89.67 88.81 87.78 86.78 107.17 43.25 63.48 74.46 135.45 129.64 89.69 86.09 86.43 131.19 42.17 57.26 76.81 166.17 138.02 132.99 33.11 114.83 114.78
74.26 66.09 39.38 62.59 45.62 67.10 69.05 69.46 81.60 46.92 42.35 127.46 119.17 52.29 52.16 38.70 54.34 47.35 34.75 46.00 0.00 132.95 139.55 138.14 20.54 41.25 34.39 43.27 32.13 28.71 109.64 81.73 28.01 44.80 41.07 25.99 22.48 28.32 19.08 28.32 31.95 89.18 87.62 42.13 46.70 23.78 23.78 18.44 28.25 48.58 36.70 35.66 98.18 49.82 55.35 66.50 79.05 75.90 47.75 49.91 116.85 72.17 138.36 118.58 132.58 105.49 142.52 95.66 142.53 110.12 102.71 49.14 51.16 48.00 140.52 136.39 97.54 100.86 46.98 63.21 77.66 69.78 68.47 76.15 48.97 65.14 103.42 40.39 58.10 58.13 60.64 70.36 82.02 78.55 82.52 71.66 75.08 74.14 80.28 81.84 20.53 36.91 50.99 138.57 49.88 39.71 55.68 52.45 50.96 49.15 47.34 106.29 44.77 49.89 38.98 113.76 108.81 55.47 49.43 50.02 108.86 55.33 41.68 43.30 144.64 143.56 130.45 44.43 111.85 126.62
79.08 72.87 102.28 99.65 156.08 79.76 74.25 65.93 66.84 164.20 175.11 34.45 35.67 172.77 177.63 170.01 174.02 143.01 136.17 138.82 132.95 0.00 17.09 16.18 151.68 118.21 154.76 125.27 161.14 157.15 35.84 59.40 147.23 163.15 171.56 114.74 138.55 122.69 121.39 122.69 126.24 87.49 88.94 115.11 116.50 112.05 112.05 149.40 160.14 87.33 99.46 100.55 39.27 89.52 181.60 110.49 74.34 59.44 140.11 151.24 66.13 97.09 55.01 65.30 60.53 54.72 59.41 62.22 54.91 55.01 59.80 109.90 98.15 87.72 32.56 8.05 38.61 33.67 109.03 84.49 69.65 63.33 72.55 81.13 105.98 87.35 53.48 158.98 171.24 95.22 92.42 82.99 88.15 77.53 73.85 84.26 80.87 67.78 65.49 89.14 139.85 108.63 97.04 31.51 83.14 100.82 103.56 101.60 103.44 105.74 108.14 32.46 97.16 83.33 103.26 48.27 46.44 94.24 101.20 100.50 50.62 176.81 174.04 172.86 55.48 34.67 10.62 106.04 24.23 51.75
78.09 75.79 105.79 112.57 166.49 92.12 86.33 76.06 66.04 166.78 181.09 51.52 27.76 175.53 186.61 175.25 176.61 154.27 138.59 139.87 139.55 17.09 0.00 31.75 159.08 129.23 163.97 126.54 165.92 161.92 51.61 72.06 156.29 172.88 176.49 119.12 142.56 126.06 126.20 126.06 136.35 102.78 104.11 116.85 117.49 120.20 120.20 156.80 167.39 96.60 108.26 109.31 52.41 99.68 185.22 123.95 88.17 63.86 151.50 162.37 83.05 110.95 71.76 82.27 77.55 70.89 75.97 77.59 71.37 71.56 75.83 121.60 109.55 92.47 48.50 9.08 42.07 38.82 110.37 85.40 69.46 70.09 84.21 94.95 117.52 100.03 69.40 168.55 181.82 107.42 104.80 96.14 102.81 91.48 88.13 97.66 94.53 69.29 65.46 103.80 148.51 118.72 98.83 15.75 89.87 110.58 115.82 113.38 115.12 117.30 119.58 33.62 100.33 89.69 113.18 64.99 62.70 106.00 112.56 111.90 67.00 179.61 179.70 180.93 71.78 17.95 10.40 108.07 27.79 39.62
91.12 82.50 110.72 97.82 156.86 79.30 74.43 69.05 79.09 172.64 180.50 22.44 51.50 181.00 179.88 176.13 182.39 142.84 145.00 148.65 138.14 16.18 31.75 0.00 155.88 118.69 156.95 135.09 167.75 163.80 31.70 59.44 149.67 164.67 177.94 122.24 146.04 130.91 128.42 130.91 127.72 81.64 83.31 124.71 126.62 116.00 116.00 153.60 164.40 90.62 102.96 104.06 40.34 91.69 189.06 107.60 71.74 68.48 139.78 151.15 55.64 93.78 40.40 54.46 47.03 47.72 44.38 57.01 39.71 46.65 52.96 109.62 98.51 95.46 16.75 22.99 49.76 44.20 119.02 95.22 81.46 70.15 73.38 78.32 105.98 86.18 47.29 160.72 171.67 94.56 91.58 81.24 83.57 74.61 70.46 82.07 78.32 78.58 77.34 84.55 142.82 110.44 106.90 47.10 89.21 103.19 102.63 101.37 103.31 105.74 108.26 45.51 105.97 89.74 105.38 39.55 39.67 94.23 101.55 100.82 43.14 184.98 179.72 176.15 40.05 49.70 26.81 115.57 37.11 67.92
94.74 86.47 59.81 71.82 33.25 81.02 84.04 86.83 102.12 48.29 27.23 143.61 139.39 50.33 32.19 28.15 52.53 41.72 47.96 58.61 20.54 151.68 159.08 155.88 0.00 47.22 19.60 59.68 27.36 26.18 126.29 97.86 17.49 28.49 31.52 46.11 34.41 46.39 38.79 46.39 35.83 99.14 97.37 60.73 64.80 39.88 39.88 2.29 8.53 65.30 52.95 51.85 115.59 65.07 48.34 72.31 92.41 95.78 43.48 40.74 129.53 81.10 152.58 131.36 146.06 119.98 156.39 109.64 156.88 124.37 116.63 57.03 62.84 68.32 156.97 155.52 117.23 120.28 66.24 83.70 98.19 89.02 84.05 88.39 58.34 77.39 118.20 24.92 42.04 69.34 72.24 82.92 92.24 91.31 95.59 83.73 87.51 94.58 100.77 91.86 16.89 48.39 71.27 158.67 69.21 53.83 64.69 62.67 60.84 58.56 56.23 126.07 65.26 69.44 52.25 128.73 124.21 67.51 60.43 61.14 123.73 52.11 28.13 22.77 159.00 163.69 149.76 64.22 131.31 147.13
85.84 70.44 58.83 25.12 38.17 39.46 44.31 53.22 87.63 88.08 74.38 102.83 115.94 92.92 62.47 74.75 95.04 25.08 73.14 83.89 41.25 118.21 129.23 118.69 47.22 0.00 40.15 76.89 71.12 68.38 87.27 59.35 34.12 46.41 77.89 53.09 62.87 61.57 51.00 61.57 11.45 52.27 50.43 71.05 76.25 25.50 25.50 45.45 54.73 34.59 26.87 26.35 79.24 29.97 94.03 25.59 48.93 72.97 22.47 33.14 84.04 34.05 108.42 85.95 101.13 76.94 111.76 66.22 112.83 80.85 72.86 10.24 20.19 55.36 116.49 123.68 90.73 91.81 72.66 75.86 84.40 63.04 45.70 43.63 12.93 33.43 75.68 42.83 53.09 24.78 27.88 38.93 45.59 47.02 51.51 39.04 43.03 78.36 85.14 45.11 30.43 12.96 69.53 132.95 48.14 20.92 18.18 17.68 15.68 13.18 10.60 99.58 61.48 49.67 18.11 86.18 82.57 24.50 17.15 17.88 81.18 95.64 75.33 61.51 114.94 138.16 119.03 68.06 102.34 128.52
106.39 95.47 72.30 65.04 13.76 78.68 82.85 88.83 112.15 67.60 40.28 142.33 146.83 68.92 22.93 44.67 71.09 25.40 66.51 77.45 34.39 154.76 163.97 156.95 19.60 40.15 0.00 77.07 46.21 45.51 126.07 97.62 7.79 10.48 48.22 59.89 52.99 62.60 53.39 62.60 29.58 91.67 89.75 76.52 81.06 44.41 44.41 19.96 21.66 67.53 55.71 54.67 116.80 65.40 65.10 62.30 88.87 102.62 27.98 22.19 124.10 73.42 148.56 126.01 141.25 116.92 151.90 106.24 152.97 120.92 112.95 50.34 59.33 77.47 155.95 159.44 123.09 125.35 81.27 95.32 108.35 94.40 83.62 83.76 52.93 73.36 115.54 6.00 23.74 64.75 67.84 78.92 85.30 87.11 91.58 79.15 83.13 103.79 110.37 84.74 16.24 46.51 84.22 165.38 75.51 53.98 58.27 57.66 55.66 53.17 50.60 132.08 77.24 76.25 51.65 126.09 122.24 63.95 56.45 57.20 121.07 70.26 42.54 21.85 155.08 170.53 154.17 78.43 136.32 156.50
49.27 52.63 26.65 90.33 88.86 84.75 83.51 75.90 60.74 41.20 67.21 131.30 101.09 50.05 91.31 58.36 50.81 89.61 14.53 13.57 43.27 125.27 126.54 135.09 59.68 76.89 77.07 0.00 48.12 44.79 113.13 90.48 71.18 87.21 57.99 24.11 26.11 15.63 26.37 15.63 71.11 112.30 111.29 10.49 9.15 51.65 51.65 58.32 64.30 63.09 57.28 56.87 99.88 68.22 61.36 98.55 96.08 66.62 89.50 92.97 131.62 99.04 147.62 132.98 144.24 116.43 152.53 108.99 151.16 121.30 115.51 81.11 76.93 42.11 142.45 126.19 86.67 91.69 16.25 41.15 57.14 66.73 81.32 96.19 78.98 86.95 113.74 83.02 100.76 83.29 84.60 90.61 105.42 97.12 99.78 92.74 94.87 57.63 61.09 105.62 63.77 66.92 28.26 120.82 52.36 64.09 84.92 80.43 79.79 79.05 78.36 93.70 29.97 50.82 65.32 122.54 116.69 79.62 76.80 77.05 118.37 54.12 64.37 80.21 153.11 125.15 119.53 19.59 101.31 102.54
93.45 90.29 60.44 94.11 59.96 99.17 100.91 100.09 103.25 21.70 19.30 158.49 143.08 22.98 50.11 10.27 25.17 69.03 33.67 41.22 32.13 161.14 165.92 167.75 27.36 71.12 46.21 48.12 0.00 4.00 140.43 113.05 44.84 53.36 10.62 46.80 24.06 41.03 39.80 41.03 60.35 121.02 119.41 53.78 56.04 55.84 55.84 28.04 25.29 79.99 68.50 67.50 128.42 81.74 23.27 96.70 111.14 102.25 70.67 67.98 148.96 103.66 170.20 150.68 164.59 137.33 174.44 127.64 174.32 142.01 134.69 80.04 83.15 73.60 171.29 163.77 124.01 128.03 60.49 83.29 99.31 97.96 100.14 108.26 80.39 97.24 135.19 50.74 66.11 90.09 92.67 102.48 113.89 110.68 114.63 103.76 107.20 97.49 102.68 113.66 42.70 68.73 69.49 162.91 78.55 71.83 87.07 84.15 82.55 80.59 78.58 132.30 66.08 78.08 71.09 145.42 140.32 87.53 81.29 81.90 140.58 24.97 16.27 37.85 176.42 167.65 157.50 60.62 138.75 147.56
89.60 86.31 56.47 91.01 59.26 95.61 97.25 96.23 99.33 22.12 22.42 154.64 139.13 24.84 51.26 13.93 27.01 67.51 30.45 38.61 28.71 157.15 161.92 163.80 26.18 68.38 45.51 44.79 4.00 0.00 136.56 109.26 43.48 53.25 14.59 42.81 20.23 37.16 35.80 37.16 57.80 117.81 116.22 50.10 52.51 52.30 52.30 26.55 25.38 76.24 64.85 63.86 124.52 78.12 26.68 93.96 107.60 98.25 69.00 66.92 145.43 100.58 166.51 147.15 160.98 133.65 170.78 124.01 170.62 138.34 131.07 77.09 79.84 69.60 167.42 159.77 120.01 124.03 56.77 79.39 95.39 93.98 96.43 104.84 77.31 93.84 131.48 50.34 66.29 86.80 89.34 99.04 110.66 107.20 111.12 100.36 103.76 93.52 98.74 110.45 40.65 65.50 65.61 158.95 74.59 68.35 84.01 80.98 79.42 77.50 75.55 128.31 62.11 74.11 67.68 141.69 136.55 84.18 78.05 78.65 136.86 27.29 19.66 39.10 172.71 163.69 153.50 56.79 134.75 143.70
76.15 62.71 87.10 66.12 125.42 47.81 43.24 40.34 65.76 147.70 151.78 18.32 56.06 155.65 148.95 148.18 157.23 111.22 121.08 126.40 109.64 35.84 51.61 31.70 126.29 87.27 126.07 113.13 140.43 136.56 0.00 28.55 118.95 133.47 150.27 96.82 120.13 106.35 102.19 106.35 96.64 51.68 53.16 102.65 105.50 86.64 86.64 124.05 134.81 61.19 73.44 74.54 13.35 61.36 162.58 76.07 40.07 49.03 108.14 119.53 33.99 62.34 36.30 33.82 36.31 19.40 41.53 26.43 39.10 20.93 24.23 78.04 67.16 71.37 30.89 43.36 39.07 34.06 97.86 76.79 66.73 46.43 42.56 46.70 74.48 54.51 17.79 129.61 140.13 62.95 59.94 49.54 52.67 43.00 38.96 50.38 46.66 61.68 63.14 53.66 112.45 79.64 85.99 62.66 62.96 72.81 70.96 69.82 71.78 74.23 76.77 41.11 83.17 63.94 74.80 15.75 11.54 62.77 70.17 69.43 15.99 159.50 151.30 145.81 40.86 67.08 41.81 93.67 35.77 74.35
63.24 46.18 63.83 40.52 97.49 20.36 15.04 14.58 56.27 121.90 123.63 45.81 65.52 129.50 120.53 120.41 131.19 83.84 96.49 103.13 81.73 59.40 72.06 59.44 97.86 59.35 97.62 90.48 113.05 109.26 28.55 0.00 90.45 105.23 122.64 71.44 93.91 81.51 76.00 81.51 68.30 36.44 37.00 80.26 83.91 58.40 58.40 95.63 106.37 33.16 45.21 46.29 20.13 32.84 135.62 51.98 17.46 36.10 80.87 92.12 41.71 39.47 57.97 42.88 53.84 25.95 62.62 19.57 61.85 30.83 25.35 50.62 39.16 48.55 59.11 65.51 40.84 39.11 76.58 59.98 55.51 28.00 14.02 23.80 46.80 28.04 23.31 101.29 112.42 35.83 33.03 24.14 33.64 20.84 18.97 25.81 23.11 48.89 53.19 34.55 83.90 51.14 65.65 78.80 38.23 44.27 44.17 42.31 44.20 46.57 49.03 47.95 60.98 39.68 46.26 32.78 27.36 35.02 42.21 41.48 28.22 133.23 123.29 117.26 63.91 83.86 61.66 71.84 47.57 82.01
98.84 87.72 64.98 59.22 17.73 71.82 75.79 81.33 104.44 65.51 42.29 135.43 139.04 67.82 30.40 45.07 70.01 24.25 61.46 72.59 28.01 147.23 156.29 149.67 17.49 34.12 7.79 71.18 44.84 43.48 118.95 90.45 0.00 17.90 48.54 52.92 48.13 56.32 46.70 56.32 23.02 86.23 84.35 69.97 74.65 36.62 36.62 16.94 22.52 59.93 48.03 46.98 109.45 58.02 65.47 57.64 82.32 94.83 26.13 23.68 118.13 67.96 142.27 120.03 135.15 110.34 145.73 99.71 146.66 114.44 106.51 44.35 52.59 69.76 149.02 151.83 115.33 117.63 74.45 87.78 100.65 86.64 76.43 77.45 46.59 66.84 108.87 13.28 30.47 58.31 61.38 72.42 79.66 80.70 85.15 72.80 76.75 96.05 102.64 79.15 8.58 39.32 76.91 157.61 67.72 46.54 52.29 51.27 49.30 46.84 44.30 124.32 69.81 68.45 44.30 119.43 115.43 57.26 49.79 50.54 114.41 69.58 44.00 27.45 148.77 162.75 146.51 71.42 128.61 148.73
116.73 105.49 82.75 70.43 10.50 85.74 90.28 97.27 122.28 75.04 43.99 149.23 156.41 75.41 16.77 50.11 77.53 26.42 76.23 87.02 44.80 163.15 172.88 164.67 28.49 46.41 10.48 87.21 53.36 53.25 133.47 105.23 17.90 0.00 53.61 70.37 62.67 72.93 63.83 72.93 36.99 96.18 94.21 86.92 91.41 54.12 54.12 29.32 28.08 76.28 64.81 63.80 124.75 73.63 70.06 65.98 95.29 112.21 29.56 20.19 129.29 78.15 154.26 131.23 146.62 123.25 157.36 112.52 158.70 127.04 119.05 56.27 66.33 87.59 162.89 168.08 132.37 134.42 91.72 105.67 118.51 103.70 91.31 89.78 59.34 79.82 122.05 4.62 13.61 71.17 74.27 85.29 90.19 93.27 97.77 85.27 89.27 113.82 120.45 89.54 26.47 54.53 94.67 174.76 85.15 62.40 64.04 64.09 62.09 59.59 57.00 141.36 87.66 85.98 59.90 132.53 128.98 70.81 63.35 64.10 127.53 76.29 46.83 21.51 160.79 179.93 162.96 88.91 145.33 166.45
103.99 100.90 71.06 101.70 61.60 108.08 110.12 109.95 113.85 25.36 12.10 168.24 153.71 22.64 47.05 3.54 24.61 72.65 43.45 49.91 41.07 171.56 176.49 177.94 31.52 77.89 48.22 57.99 10.62 14.59 150.27 122.64 48.54 53.61 0.00 57.39 34.63 51.60 50.31 51.60 66.73 128.87 127.19 64.13 66.17 64.82 64.82 32.86 26.57 89.50 77.75 76.72 138.43 90.89 16.95 103.33 119.95 112.77 74.66 70.41 157.68 111.18 179.43 159.44 173.59 146.55 183.57 136.69 183.60 151.18 143.75 87.27 91.37 84.12 181.16 174.27 134.55 138.52 70.88 93.88 109.92 108.31 109.51 116.75 88.00 105.68 144.49 51.80 65.30 98.21 100.91 111.03 121.81 119.31 123.38 112.18 115.73 108.11 113.30 121.52 48.17 76.82 80.06 173.53 88.78 80.58 94.60 91.99 90.30 88.21 86.06 142.87 76.70 88.38 79.62 154.81 149.81 95.87 89.32 89.97 149.92 22.86 8.44 35.00 185.70 178.27 168.02 71.16 149.27 158.11
48.93 43.54 14.15 66.47 69.88 62.66 62.29 57.25 57.38 50.88 62.89 115.13 96.58 58.95 78.09 56.29 60.46 67.99 25.29 33.70 25.99 114.74 119.12 122.24 46.11 53.09 59.89 24.11 46.80 42.81 96.82 71.44 52.92 70.37 57.39 0.00 23.84 10.42 7.58 10.42 48.27 89.40 88.27 18.31 23.46 27.67 27.67 44.16 53.04 40.98 33.61 33.09 84.09 45.40 66.92 74.45 74.43 55.55 67.45 72.41 111.23 75.36 129.40 112.73 125.08 97.15 134.07 88.75 133.22 102.02 95.56 57.00 53.12 27.02 127.28 117.10 77.25 81.39 21.67 38.05 53.41 52.09 60.53 73.76 54.88 63.94 94.65 65.85 83.38 59.65 61.16 68.02 82.39 75.07 78.14 70.00 72.47 50.94 56.49 82.51 44.63 42.82 25.17 116.34 33.87 40.18 60.89 56.45 55.75 54.96 54.25 85.50 19.83 32.92 41.29 104.19 98.59 56.07 52.83 53.12 99.67 62.86 61.10 68.73 135.25 121.15 110.77 18.54 92.03 102.31
69.39 66.78 36.78 82.08 65.76 82.70 83.33 80.11 79.25 28.15 42.15 138.40 119.23 35.60 65.42 34.16 37.28 69.49 13.56 24.49 22.48 138.55 142.56 146.04 34.41 62.87 52.99 26.11 24.06 20.23 120.13 93.91 48.13 62.67 34.63 23.84 0.00 16.97 17.96 16.97 54.26 107.49 106.11 30.05 32.89 41.18 41.18 33.36 38.31 61.81 51.86 51.02 107.59 64.95 43.08 87.49 94.74 79.25 70.07 71.30 132.32 91.54 151.80 133.92 146.97 119.18 156.32 110.19 155.75 124.00 117.15 69.78 69.55 50.84 150.76 140.78 100.87 105.13 36.64 59.25 75.33 75.90 82.01 93.00 68.92 82.40 116.81 58.77 76.28 76.52 78.63 87.15 100.31 94.87 98.40 88.81 91.80 73.73 78.76 100.26 41.98 56.39 45.43 139.09 57.27 56.91 75.54 71.75 70.53 69.06 67.61 108.96 42.33 56.49 57.02 126.67 121.24 73.36 68.39 68.87 122.01 39.39 39.70 54.14 157.81 143.77 134.40 36.56 115.68 123.49
52.44 50.31 20.42 76.44 73.88 73.07 72.66 67.19 62.30 41.73 58.75 124.67 102.38 50.14 78.53 51.07 51.49 74.04 14.99 23.43 28.32 122.69 126.06 130.91 46.39 61.57 62.60 15.63 41.03 37.16 106.35 81.51 56.32 72.93 51.60 10.42 16.97 0.00 10.75 0.00 55.50 99.75 98.60 14.36 18.50 36.64 36.64 44.76 52.12 51.39 43.81 43.24 93.45 55.79 59.17 83.95 84.84 63.25 73.89 77.59 121.56 85.46 139.40 123.04 135.24 107.31 144.12 99.04 143.17 112.18 105.81 66.32 63.17 35.48 136.60 124.60 84.64 89.10 20.34 42.28 58.39 60.91 70.85 84.16 64.48 74.29 104.77 68.60 86.34 69.80 71.40 78.41 92.71 85.49 88.55 80.38 82.88 56.99 61.87 92.82 48.61 52.16 28.46 122.24 43.58 50.19 70.66 66.32 65.51 64.57 63.68 92.53 25.74 42.45 51.11 114.19 108.53 66.26 62.72 63.04 109.73 54.15 56.48 68.14 145.19 126.90 118.13 19.67 99.47 106.54
56.49 50.83 21.72 66.98 64.02 65.49 65.77 62.16 64.93 45.92 55.43 120.45 103.98 53.55 70.89 49.06 55.21 63.46 23.11 33.17 19.08 121.39 126.20 128.42 38.79 51.00 53.39 26.37 39.80 35.80 102.19 76.00 46.70 63.83 50.31 7.58 17.96 10.75 0.00 10.75 44.75 91.24 89.98 23.31 28.13 26.47 26.47 36.90 45.54 44.23 35.13 34.42 89.71 47.84 60.67 73.89 77.47 62.46 63.22 67.26 114.82 76.19 133.93 116.38 129.22 101.38 138.48 92.54 137.85 106.21 99.46 56.17 53.91 33.81 132.86 123.97 84.24 88.23 27.90 45.63 60.96 58.37 64.31 76.16 54.56 65.87 98.98 59.38 77.04 60.72 62.55 70.34 84.11 77.80 81.15 72.15 74.92 58.37 64.00 84.15 38.67 42.10 32.64 123.71 39.40 40.96 60.92 56.73 55.78 54.67 53.62 92.60 27.39 38.71 41.57 108.77 103.31 57.33 53.19 53.57 104.13 57.35 53.72 61.30 139.90 128.54 117.71 25.46 98.96 109.88
52.44 50.31 20.42 76.44 73.88 73.07 72.66 67.19 62.30 41.73 58.75 124.67 102.38 50.14 78.53 51.07 51.49 74.04 14.99 23.43 28.32 122.69 126.06 130.91 46.39 61.57 62.60 15.63 41.03 37.16 106.35 81.51 56.32 72.93 51.60 10.42 16.97 0.00 10.75 0.00 55.50 99.75 98.60 14.36 18.50 36.64 36.64 44.76 52.12 51.39 43.81 43.24 93.45 55.79 59.17 83.95 84.84 63.25 73.89 77.59 121.56 85.46 139.40 123.04 135.24 107.31 144.12 99.04 143.17 112.18 105.81 66.32 63.17 35.48 136.60 124.60 84.64 89.10 20.34 42.28 58.39 60.91 70.85 84.16 64.48 74.29 104.77 68.60 86.34 69.80 71.40 78.41 92.71 85.49 88.55 80.38 82.88 56.99 61.87 92.82 48.61 52.16 28.46 122.24 43.58 50.19 70.66 66.32 65.51 64.57 63.68 92.53 25.74 42.45 51.11 114.19 108.53 66.26 62.72 63.04 109.73 54.15 56.48 68.14 145.19 126.90 118.13 19.67 99.47 106.54
86.72 72.82 56.48 36.46 30.18 49.11 53.41 60.45 90.06 78.16 62.95 112.77 121.24 82.54 52.34 63.54 84.68 21.11 65.58 76.64 31.95 126.24 136.35 127.72 35.83 11.45 29.58 71.11 60.35 57.80 96.64 68.30 23.02 36.99 66.73 48.27 54.26 55.50 44.75 55.50 0.00 63.69 61.86 66.58 71.74 22.65 22.65 34.11 43.28 39.96 29.52 28.66 87.77 36.77 83.05 36.60 59.35 77.39 19.76 27.76 95.17 45.49 119.25 97.06 112.15 87.39 122.72 76.74 123.65 91.45 83.51 21.54 29.75 56.17 126.39 131.30 96.56 98.21 69.18 76.16 86.57 68.14 54.35 54.43 23.58 43.86 85.98 33.00 45.57 35.30 38.38 49.43 56.95 57.69 62.15 49.79 53.74 81.03 87.82 56.50 19.00 17.65 67.97 139.01 51.03 25.81 29.42 28.25 26.28 23.83 21.29 105.53 60.05 52.23 23.17 96.53 92.66 34.37 26.88 27.63 91.51 85.10 63.96 50.47 125.76 144.20 126.32 65.01 109.00 132.67
96.43 78.50 86.93 27.32 86.41 28.31 31.69 45.38 91.26 135.10 126.37 60.95 100.94 141.26 112.88 125.94 143.25 70.45 114.15 123.10 89.18 87.49 102.78 81.64 99.14 52.27 91.67 112.30 121.02 117.81 51.68 36.44 86.23 96.18 128.87 89.40 107.49 99.75 91.24 99.75 63.69 0.00 2.00 103.25 107.83 66.46 66.46 97.24 106.90 49.34 56.13 56.82 51.67 44.10 144.28 30.56 20.01 71.13 67.19 78.34 33.77 18.27 59.59 35.72 51.21 33.95 62.01 25.27 64.02 35.79 28.72 42.18 38.13 74.37 73.82 94.87 77.02 74.69 101.48 90.86 89.90 61.50 34.83 16.69 40.91 25.46 34.44 93.35 99.13 31.12 28.86 21.81 7.19 17.30 17.55 19.58 18.03 83.01 88.16 7.36 82.56 52.31 92.67 112.11 62.87 50.58 34.45 36.90 38.57 40.70 42.95 83.52 86.08 64.83 50.60 42.70 42.00 34.13 39.76 39.17 38.58 144.45 127.09 113.40 66.03 116.92 92.62 96.37 81.77 118.01
96.29 78.32 86.07 25.56 84.43 27.72 31.42 45.37 91.35 133.65 124.60 62.74 101.82 139.75 110.92 124.25 141.75 68.47 112.93 121.97 87.62 88.94 104.11 83.31 97.37 50.43 89.75 111.29 119.41 116.22 53.16 37.00 84.35 94.21 127.19 88.27 106.11 98.60 89.98 98.60 61.86 2.00 0.00 102.33 106.95 65.03 65.03 95.48 105.09 48.45 54.90 55.57 52.76 43.07 142.66 28.56 20.19 71.27 65.21 76.35 35.77 16.40 61.58 37.72 53.21 35.66 64.01 26.73 66.01 37.61 30.44 40.37 36.65 73.74 75.66 96.27 77.72 75.51 100.68 90.51 89.91 61.52 34.61 16.24 39.20 24.36 36.06 91.40 97.13 29.64 27.49 21.04 5.89 17.27 18.03 18.72 17.56 83.00 88.26 5.84 80.76 50.73 92.03 113.26 62.25 49.21 32.69 35.26 36.90 38.99 41.21 84.36 85.34 64.23 49.15 44.49 43.65 32.75 38.20 37.62 40.30 142.92 125.34 111.49 68.02 118.09 93.92 95.57 82.79 118.78
40.50 42.33 16.62 82.35 87.32 75.39 73.83 65.69 51.45 50.08 72.20 120.82 91.88 58.91 92.88 64.01 59.87 86.20 22.04 23.96 42.13 115.11 116.85 124.71 60.73 71.05 76.52 10.49 53.78 50.10 102.65 80.26 69.97 86.92 64.13 18.31 30.05 14.36 23.31 14.36 66.58 103.25 102.33 0.00 5.20 45.55 45.55 59.06 66.46 53.91 49.31 49.03 89.40 59.37 69.48 91.28 86.49 56.24 85.72 90.39 121.57 90.74 137.23 122.90 133.96 106.19 142.16 98.95 140.74 111.06 105.39 74.22 68.94 31.77 131.97 116.23 76.54 81.48 6.82 31.51 47.72 56.24 71.51 86.94 71.73 78.08 103.48 82.52 100.23 75.02 76.10 81.46 96.49 87.68 90.17 83.67 85.60 47.68 51.55 96.74 61.98 60.15 18.10 111.71 42.30 56.37 77.35 72.74 72.28 71.77 71.34 83.77 19.52 40.69 57.89 112.19 106.31 71.28 69.10 69.28 108.06 63.00 69.70 82.48 142.69 116.16 109.60 9.15 91.26 94.43
40.12 44.14 20.92 87.31 92.09 79.84 78.06 69.36 51.62 50.31 74.83 123.56 91.94 59.16 96.86 66.30 59.95 91.27 23.04 22.41 46.70 116.50 117.49 126.62 64.80 76.25 81.06 9.15 56.04 52.51 105.50 83.91 74.65 91.41 66.17 23.46 32.89 18.50 28.13 18.50 71.74 107.83 106.95 5.20 0.00 50.75 50.75 63.22 70.20 58.50 54.32 54.06 92.18 64.10 70.32 96.37 90.77 58.23 90.83 95.34 125.40 95.61 140.45 126.68 137.42 109.77 145.42 102.81 143.88 114.62 109.15 79.36 73.92 35.37 134.42 117.27 77.89 83.00 7.67 32.17 48.06 59.08 75.65 91.43 76.83 82.77 107.02 87.05 104.79 79.91 80.92 86.02 101.13 92.06 94.43 88.26 90.09 48.76 52.03 101.40 66.76 65.31 19.77 111.68 46.28 61.41 82.40 77.77 77.34 76.87 76.48 84.77 22.93 44.57 62.99 115.51 109.59 76.16 74.13 74.30 111.49 63.24 72.17 86.22 145.80 116.00 110.58 12.07 92.46 93.48
64.44 51.61 34.01 40.96 50.08 43.34 45.33 46.95 68.65 68.64 65.23 104.21 102.42 74.95 66.59 62.37 76.90 43.68 49.42 59.63 23.78 112.05 120.20 116.00 39.88 25.50 44.41 51.65 55.84 52.30 86.64 58.40 36.62 54.12 64.82 27.67 41.18 36.64 26.47 36.64 22.65 66.46 65.03 45.55 50.75 0.00 0.00 37.60 48.40 25.48 13.20 12.12 75.73 26.08 78.98 47.43 55.31 58.21 42.41 49.74 93.13 50.38 114.61 94.85 108.80 81.75 118.75 71.88 118.80 86.36 78.94 29.72 28.40 34.16 117.44 116.18 78.87 81.41 47.33 53.72 65.00 50.23 44.88 52.66 28.15 41.76 79.72 49.57 65.19 35.39 37.63 46.83 59.27 54.92 58.82 48.26 51.55 59.93 66.64 59.19 28.46 15.64 45.35 121.05 31.10 16.12 34.62 30.63 29.52 28.27 27.16 87.85 37.40 31.86 15.87 90.11 85.26 32.37 27.22 27.69 85.19 78.26 64.95 60.86 120.91 126.18 110.62 42.88 92.44 112.39
64.44 51.61 34.01 40.96 50.08 43.34 45.33 46.95 68.65 68.64 65.23 104.21 102.42 74.95 66.59 62.37 76.90 43.68 49.42 59.63 23.78 112.05 120.20 116.00 39.88 25.50 44.41 51.65 55.84 52.30 86.64 58.40 36.62 54.12 64.82 27.67 41.18 36.64 26.47 36.64 22.65 66.46 65.03 45.55 50.75 0.00 0.00 37.60 48.40 25.48 13.20 12.12 75.73 26.08 78.98 47.43 55.31 58.21 42.41 49.74 93.13 50.38 114.61 94.85 108.80 81.75 118.75 71.88 118.80 86.36 78.94 29.72 28.40 34.16 117.44 116.18 78.87 81.41 47.33 53.72 65.00 50.23 44.88 52.66 28.15 41.76 79.72 49.57 65.19 35.39 37.63 46.83 59.27 54.92 58.82 48.26 51.55 59.93 66.64 59.19 28.46 15.64 45.35 121.05 31.10 16.12 34.62 30.63 29.52 28.27 27.16 87.85 37.40 31.86 15.87 90.11 85.26 32.37 27.22 27.69 85.19 78.26 64.95 60.86 120.91 126.18 110.62 42.88 92.44 112.39
92.68 84.27 57.78 69.93 33.40 78.87 81.84 84.55 99.98 48.58 29.16 141.38 137.16 51.01 33.99 29.56 53.20 41.02 46.92 57.71 18.44 149.40 156.80 153.60 2.29 45.45 19.96 58.32 28.04 26.55 124.05 95.63 16.94 29.32 32.86 44.16 33.36 44.76 36.90 44.76 34.11 97.24 95.48 59.06 63.22 37.60 37.60 0.00 10.80 63.03 50.69 49.59 113.32 62.85 49.55 70.67 90.30 93.52 42.63 40.49 127.48 79.24 150.45 129.31 143.97 117.82 154.28 107.51 154.74 122.23 114.51 55.18 60.78 66.11 154.74 153.23 114.96 117.99 64.48 81.64 96.05 86.74 81.83 86.34 56.39 75.32 116.03 25.54 42.93 67.32 70.20 80.84 90.32 89.22 93.50 81.68 85.44 92.39 98.61 89.95 15.32 46.30 69.29 156.42 66.93 51.64 62.79 60.69 58.87 56.62 54.31 123.80 63.19 67.17 50.08 126.55 122.01 65.43 58.40 59.10 121.56 52.94 29.90 24.90 156.86 161.45 147.48 62.35 129.02 144.97
101.92 94.33 66.99 79.59 35.19 89.39 92.49 95.35 109.71 46.98 19.89 152.10 147.40 47.52 27.14 23.03 49.68 46.26 51.53 61.55 28.25 160.14 167.39 164.40 8.53 54.73 21.66 64.30 25.29 25.38 134.81 106.37 22.52 28.08 26.57 53.04 38.31 52.12 45.54 52.12 43.28 106.90 105.09 66.46 70.20 48.40 48.40 10.80 0.00 73.83 61.48 60.38 124.12 73.56 43.49 79.41 100.70 103.96 48.43 43.84 137.66 88.75 160.89 139.50 154.28 128.34 164.66 117.97 165.20 132.71 124.94 64.72 71.04 76.24 165.48 163.92 125.48 128.61 72.33 90.95 105.76 97.38 92.54 96.55 66.25 85.58 126.59 25.62 40.92 77.43 80.37 91.14 100.07 99.52 103.84 91.88 95.69 102.37 108.46 99.65 24.33 56.67 78.18 166.76 77.53 62.29 72.49 70.67 68.80 66.48 64.09 134.30 72.54 77.71 60.65 137.14 132.65 75.72 68.56 69.27 132.13 48.69 21.48 16.02 167.32 171.76 158.13 70.71 139.63 154.75
