140
0.00 47.92 51.16 51.62 52.37 51.01 48.25 48.00 24.96 136.21 119.88 97.50 89.17 70.95 81.27 124.04 130.05 146.02 81.10 26.49 58.15 106.13 57.23 91.77 44.21 92.80 111.93 98.28 76.09 79.14 61.66 71.08 118.32 105.19 79.88 106.26 91.95 69.36 60.03 60.07 10.71 20.63 123.04 127.61 129.40 35.69 88.16 91.97 73.19 78.59 64.40 97.94 69.37 46.99 80.31 49.57 11.54 78.84 33.69 6.00 92.01 10.00 59.78 73.01 40.67 25.47 55.61 55.61 83.80 82.67 37.10 37.95 37.25 108.59 74.11 90.93 87.20 67.71 69.33 23.73 26.34 98.09 46.51 140.39 138.17 149.30 88.90 121.80 94.75 134.85 106.97 100.15 60.13 64.21 66.35 139.55 140.25 87.21 133.00 81.96 51.81 109.67 111.03 112.73 108.82 97.04 108.20 131.51 87.57 105.94 89.83 101.85 98.78 100.89 100.85 97.72 58.56 89.62 66.44 68.70 62.30 16.59 20.89 30.91 129.09 76.38 87.47 84.38 84.38 83.71 82.93 97.55 123.01 83.95 89.24 97.69 128.01 125.21 90.05 87.34
47.92 0.00 4.70 7.71 11.26 5.46 4.56 4.55 23.58 127.97 125.44 109.59 98.34 86.44 36.00 116.41 117.10 123.77 58.41 30.24 65.86 69.49 58.13 47.31 42.68 47.91 73.46 65.37 59.90 64.40 37.12 51.12 116.76 108.70 48.80 67.13 55.39 46.89 14.31 14.44 51.76 31.28 129.44 136.28 131.56 37.56 41.58 47.84 25.55 42.29 33.51 106.43 81.32 20.75 41.39 61.36 41.30 32.49 14.55 42.20 44.20 38.10 78.52 59.25 15.71 28.42 14.49 14.49 40.20 44.02 58.82 32.20 31.32 90.22 41.18 60.49 45.96 64.33 68.77 25.84 33.59 96.64 52.61 123.33 109.93 123.80 98.10 130.94 79.40 125.06 93.86 85.88 24.34 33.58 37.66 129.41 127.75 92.84 104.08 37.55 48.29 75.16 76.12 75.70 72.78 52.79 68.58 102.02 45.17 63.11 50.97 61.52 63.74 67.04 69.00 69.75 55.02 60.54 62.10 67.58 57.54 42.79 42.04 48.74 125.01 44.44 44.50 43.77 43.77 42.40 40.75 52.66 100.42 42.58 51.89 52.93 105.06 101.58 50.87 45.68
51.16 4.70 0.00 3.50 7.25 8.15 8.61 8.69 27.39 131.55 129.75 114.14 102.86 91.10 35.29 120.08 120.40 126.20 61.50 34.73 70.49 70.46 62.65 46.67 47.31 43.51 74.02 67.03 63.54 68.07 33.63 47.61 120.78 112.99 44.43 62.44 50.72 43.26 9.77 9.88 54.27 33.43 133.76 140.67 135.71 37.37 40.07 43.35 23.47 37.68 29.47 110.90 85.95 18.60 36.71 60.67 45.18 28.31 18.46 45.59 41.60 41.51 83.22 63.07 20.39 32.80 16.91 16.91 35.62 39.34 63.46 36.89 36.01 93.27 43.45 56.05 46.35 68.64 73.14 28.31 34.69 100.77 57.28 126.25 111.76 125.87 102.61 135.36 82.81 128.54 97.30 89.31 27.01 36.53 40.69 132.85 131.02 97.27 105.87 37.16 52.81 76.42 77.30 76.52 73.81 52.13 68.96 103.75 40.53 58.55 51.82 61.83 65.08 68.52 70.77 72.04 59.43 62.85 66.40 71.95 61.87 44.72 46.41 53.36 128.86 46.75 44.42 44.39 44.39 42.86 41.02 51.78 102.97 43.03 53.04 52.09 107.54 104.01 51.65 45.96
51.62 7.71 3.50 0.00 3.75 11.65 11.97 12.03 28.63 135.05 133.11 117.29 106.06 94.04 37.41 123.58 123.89 129.53 64.98 36.81 73.54 73.31 65.84 48.76 50.34 41.95 76.68 70.16 67.04 71.56 30.14 44.12 124.23 116.35 41.10 59.92 47.84 39.76 8.42 8.46 54.04 33.06 137.11 143.98 139.13 35.29 41.64 41.58 24.81 34.64 26.00 114.14 88.98 15.63 33.93 58.19 46.35 27.27 19.97 46.22 42.29 42.19 85.97 66.56 23.32 34.71 20.35 20.35 33.67 36.56 65.82 39.75 38.84 96.73 46.79 52.78 49.00 71.99 76.45 28.28 33.50 104.19 60.22 129.69 114.91 129.10 105.81 138.65 86.31 132.04 100.80 92.81 30.45 39.99 44.16 136.35 134.51 100.54 109.01 39.44 56.01 79.38 80.24 79.29 76.68 54.19 71.53 106.88 38.36 56.57 54.65 64.40 68.09 71.58 73.92 75.35 62.72 66.17 69.76 75.27 65.21 44.08 48.24 55.67 132.34 50.09 46.84 47.14 47.14 45.56 43.62 53.70 106.34 45.71 55.99 54.04 110.89 107.35 54.45 48.56
52.37 11.26 7.25 3.75 0.00 15.40 15.65 15.69 30.35 138.80 136.71 120.69 109.51 97.23 39.89 127.33 127.63 133.11 68.70 39.26 76.85 76.42 69.29 51.18 53.64 40.55 79.60 73.54 70.79 75.31 26.41 40.38 127.94 119.96 37.58 57.33 44.84 36.02 8.47 8.43 54.05 33.08 140.69 147.53 142.80 33.33 43.58 39.95 26.68 31.47 22.30 117.64 92.26 12.75 31.12 55.67 47.85 26.63 22.10 47.18 43.34 43.23 88.98 70.29 26.62 37.02 24.05 24.05 31.88 33.74 68.47 42.93 41.98 100.44 50.38 49.31 51.94 75.59 80.02 28.72 32.59 107.87 63.42 133.38 118.32 132.58 109.26 142.17 90.06 135.79 104.55 96.55 34.15 43.71 47.89 140.10 138.24 104.07 112.41 42.08 59.47 82.61 83.43 82.32 79.81 56.55 74.38 110.25 36.26 54.62 57.77 67.24 71.36 74.90 77.34 78.92 66.26 69.75 73.37 78.84 68.80 43.70 50.40 58.28 136.08 53.69 49.57 50.19 50.19 48.55 46.54 55.92 109.95 48.70 59.22 56.29 114.49 110.94 57.54 51.45
51.01 5.46 8.15 11.65 15.40 0.00 2.77 3.02 26.15 123.40 121.98 106.88 95.49 84.43 31.34 111.94 112.28 118.47 53.43 30.90 63.56 64.07 55.38 42.53 40.56 47.94 68.12 59.91 55.40 59.93 41.76 55.75 112.75 105.19 52.25 68.65 57.70 51.41 15.73 15.90 55.65 35.63 126.01 133.02 127.76 42.93 37.45 48.20 22.24 45.04 37.58 103.41 79.04 26.03 43.58 66.79 43.45 32.11 17.34 45.14 41.12 41.05 77.05 54.97 14.58 29.52 9.09 9.09 40.97 46.18 58.39 30.74 29.98 85.21 35.81 63.75 40.70 60.91 65.51 30.01 38.56 92.82 50.73 118.26 104.49 118.41 95.25 127.76 74.67 120.39 89.16 81.16 19.08 28.49 32.62 124.71 122.91 89.72 98.64 32.68 45.53 69.71 70.67 70.31 67.35 48.00 63.29 96.58 46.23 63.66 45.58 56.26 58.28 61.58 63.56 64.40 51.91 55.19 58.66 64.30 54.20 47.20 42.96 48.53 120.75 39.08 39.43 38.45 38.45 37.12 35.55 48.01 95.16 37.31 46.45 48.25 99.78 96.28 45.50 40.46
48.25 4.56 8.61 11.97 15.65 2.77 0.00 0.25 23.39 123.42 121.15 105.61 94.30 82.81 33.90 111.86 112.55 119.41 53.90 28.35 62.07 65.91 54.11 45.03 38.95 50.17 70.13 61.39 55.35 59.85 41.67 55.67 112.30 104.39 53.03 70.39 59.09 51.43 17.34 17.49 52.97 33.09 125.16 132.07 127.16 41.10 40.14 50.34 25.01 46.20 37.94 102.31 77.54 25.20 45.01 65.08 40.70 34.43 14.59 42.38 43.88 38.29 75.20 54.72 12.42 26.88 10.47 10.47 42.95 47.63 56.16 28.82 28.01 85.70 36.96 64.65 42.86 60.03 64.54 27.42 36.30 92.22 49.03 118.84 105.82 119.58 94.05 126.76 74.84 120.50 89.30 81.32 20.02 29.12 33.18 124.86 123.20 88.67 100.00 35.16 44.26 71.38 72.39 72.20 69.15 50.49 65.39 97.97 48.12 65.75 47.52 58.40 59.94 63.15 64.96 65.47 50.84 56.27 57.80 63.34 53.27 44.66 40.38 46.22 120.50 40.19 41.77 40.52 40.52 39.27 37.78 50.56 96.03 39.46 48.24 50.78 100.69 97.23 47.47 42.66
48.00 4.55 8.69 12.03 15.69 3.02 0.25 0.00 23.14 123.42 121.08 105.50 94.19 82.67 34.14 111.86 112.58 119.50 53.95 28.12 61.94 66.08 54.00 45.26 38.81 50.37 70.32 61.52 55.36 59.85 41.67 55.67 112.26 104.32 53.11 70.55 59.22 51.44 17.50 17.65 52.73 32.86 125.08 131.99 127.11 40.94 40.39 50.53 25.26 46.31 37.98 102.22 77.41 25.14 45.14 64.93 40.46 34.64 14.34 42.13 44.13 38.04 75.04 54.71 12.24 26.64 10.62 10.62 43.14 47.76 55.96 28.65 27.84 85.75 37.07 64.74 43.06 59.96 64.45 27.19 36.10 92.17 48.88 118.89 105.94 119.69 93.95 126.67 74.86 120.51 89.32 81.34 20.12 29.19 33.24 124.87 123.23 88.58 100.12 35.38 44.15 71.54 72.55 72.38 69.31 50.71 65.59 98.10 48.30 65.94 47.70 58.60 60.09 63.29 65.09 65.58 50.75 56.37 57.73 63.26 53.19 44.43 40.15 46.02 120.48 40.30 41.98 40.72 40.72 39.46 37.99 50.79 96.11 39.66 48.41 51.02 100.78 97.32 47.65 42.87
24.96 23.58 27.39 28.63 30.35 26.15 23.39 23.14 0.00 126.03 116.57 97.37 87.11 71.98 56.37 113.94 117.49 129.47 62.79 11.64 53.65 83.50 48.62 67.02 32.36 70.58 88.80 76.74 60.29 64.17 47.78 60.28 111.18 100.44 64.16 87.26 73.98 57.19 36.91 36.98 30.92 15.05 120.25 126.15 124.44 31.62 63.20 70.17 48.39 60.33 47.81 95.76 68.15 29.83 60.88 54.28 17.79 55.68 9.03 19.03 67.26 14.96 62.34 58.12 16.53 8.76 30.81 30.81 62.17 63.44 40.04 21.85 20.77 93.08 51.82 75.94 63.04 57.63 60.88 10.36 22.28 90.48 39.78 126.08 119.02 131.40 86.85 120.51 80.18 123.89 93.82 86.26 36.36 42.06 44.97 128.49 128.07 83.07 113.51 57.17 40.06 87.79 89.04 90.06 86.42 72.36 84.70 111.78 66.61 84.97 66.30 78.09 76.54 79.08 79.73 77.95 47.60 69.20 55.76 59.91 51.05 25.11 20.52 29.99 120.87 54.49 62.96 60.33 60.33 59.49 58.52 72.77 105.97 59.72 66.11 72.92 110.91 107.77 66.44 63.10
136.21 127.97 131.55 135.05 138.80 123.40 123.42 123.42 126.03 0.00 37.91 57.55 56.34 74.63 115.14 12.19 15.50 41.24 71.02 115.55 78.63 85.90 79.17 111.73 94.19 157.17 90.74 78.60 68.07 63.60 165.08 179.08 22.90 38.86 174.46 182.52 176.21 174.80 137.08 137.28 146.88 140.60 39.88 46.59 28.59 157.51 120.79 159.13 126.12 165.81 160.85 50.78 71.95 148.06 162.81 180.16 125.50 144.11 126.12 132.72 131.75 131.53 84.48 69.03 115.56 118.20 115.07 115.07 155.38 165.10 101.22 104.19 105.27 41.81 91.44 185.19 102.35 69.01 66.90 136.39 148.28 39.01 89.75 25.16 58.47 51.92 56.52 47.23 48.95 4.85 34.51 42.47 105.21 95.57 91.38 5.89 12.26 53.42 60.30 112.25 86.27 79.28 80.14 86.17 83.74 110.94 94.64 62.05 160.90 172.61 95.63 97.37 83.52 79.89 75.10 68.04 78.83 74.98 70.62 67.58 75.21 147.87 115.61 105.35 12.43 88.39 107.18 101.46 101.46 103.38 105.79 113.53 43.64 103.45 92.24 112.98 43.25 45.80 96.36 103.46
119.88 125.44 129.75 133.11 136.71 121.98 121.15 121.08 116.57 37.91 0.00 25.00 30.75 49.82 123.43 33.53 47.71 76.89 77.79 105.03 63.18 104.18 68.31 123.50 84.72 163.61 110.58 94.25 70.25 66.01 161.49 175.14 18.62 16.81 174.18 187.93 178.97 171.36 137.32 137.50 130.42 129.49 4.24 12.61 12.03 147.72 130.68 165.02 131.15 166.88 158.87 22.06 50.51 143.32 164.91 167.97 110.78 148.73 119.37 117.84 141.57 117.79 61.15 68.98 110.65 107.91 115.22 115.22 159.68 167.43 82.79 95.84 96.93 60.54 97.59 185.73 113.30 61.12 56.77 126.51 137.62 30.47 76.86 61.20 89.88 87.09 31.01 10.14 58.23 41.18 49.00 53.80 106.68 97.92 94.17 43.80 49.81 33.51 89.89 120.95 77.75 99.21 100.50 106.65 103.09 124.38 112.95 90.98 165.31 179.86 107.75 113.42 99.27 96.54 91.83 83.28 70.59 86.82 63.35 57.92 67.91 134.18 101.18 89.96 25.53 95.27 117.94 111.50 111.50 113.12 115.16 126.88 70.83 113.26 104.24 126.43 72.67 73.85 108.53 114.39
97.50 109.59 114.14 117.29 120.69 106.88 105.61 105.50 97.37 57.55 25.00 0.00 11.79 26.55 114.14 49.01 62.52 90.97 71.27 85.73 44.09 102.70 51.51 116.44 67.15 151.72 109.76 91.78 61.81 58.46 144.05 157.27 34.69 19.38 158.21 174.88 164.58 153.81 122.58 122.76 107.82 109.11 27.00 30.21 36.72 127.57 122.07 152.76 119.47 151.81 142.33 8.00 29.23 125.71 150.45 146.49 89.28 136.16 101.46 96.09 132.45 96.54 37.80 59.25 94.10 88.61 101.35 101.35 146.62 153.05 60.61 78.16 79.19 64.77 88.57 170.00 106.26 47.45 42.38 106.79 117.27 29.23 57.93 76.79 99.22 100.11 11.99 24.40 56.98 59.44 53.71 55.07 94.08 86.47 83.29 63.16 67.94 19.21 97.76 112.04 61.36 99.26 100.74 106.54 102.43 118.39 110.91 98.24 152.16 168.07 101.85 109.80 96.43 94.54 90.31 81.65 55.20 82.54 49.70 43.62 53.50 112.59 80.11 68.88 45.65 86.92 110.52 103.98 103.98 105.31 106.99 120.70 78.78 105.49 98.52 120.33 81.95 82.02 102.61 107.29
89.17 98.34 102.86 106.06 109.51 95.49 94.30 94.19 87.11 56.34 30.75 11.79 0.00 19.52 102.36 46.08 58.36 85.50 59.80 75.48 33.48 91.83 40.22 104.76 56.18 140.01 98.97 80.80 50.19 46.98 133.27 146.63 33.96 18.08 147.07 163.29 153.15 143.07 111.16 111.34 99.69 99.44 33.89 39.10 40.99 117.81 110.30 141.08 107.73 140.48 131.30 8.80 19.80 114.94 139.02 137.52 80.25 124.49 90.73 87.25 120.67 87.36 30.65 47.54 82.97 78.37 89.76 89.76 135.01 141.61 52.07 67.29 68.33 56.07 76.81 158.82 94.60 35.68 30.63 96.78 107.59 21.58 47.38 72.44 91.55 93.96 0.27 33.41 46.86 57.29 45.68 45.77 82.36 74.69 71.50 61.50 65.32 7.89 89.56 100.27 50.05 88.74 90.26 95.93 91.73 106.79 99.89 89.81 140.56 156.36 90.31 98.52 85.35 83.63 79.53 70.94 43.66 71.31 37.94 31.88 41.83 103.66 70.78 59.52 45.59 75.21 98.82 92.29 92.29 93.59 95.25 109.08 70.99 93.78 87.00 108.72 74.59 74.24 91.06 95.62
70.95 86.44 91.10 94.04 97.23 84.43 82.81 82.67 71.98 74.63 49.82 26.55 19.52 0.00 96.85 63.60 74.53 99.64 59.94 60.43 21.19 94.03 30.57 101.29 43.87 131.13 101.37 82.83 49.64 47.96 119.35 132.22 52.90 37.40 134.38 153.07 141.82 128.97 100.11 100.27 81.28 83.02 52.60 56.69 60.44 101.50 105.16 131.86 99.74 128.67 118.22 27.81 6.88 101.04 127.79 120.00 62.86 115.27 76.88 69.60 114.77 70.17 11.36 45.98 70.73 63.27 80.14 80.14 125.13 130.42 34.11 54.31 55.25 66.09 72.86 146.23 91.59 31.58 26.96 81.02 91.16 36.78 33.83 88.09 102.28 107.05 19.27 50.88 53.98 75.03 57.63 55.18 74.37 68.34 65.98 79.45 82.58 21.29 99.35 95.21 39.78 92.43 94.03 99.09 94.65 104.22 101.18 99.15 130.53 147.34 88.59 98.47 86.74 85.89 82.49 74.53 35.53 72.44 33.31 27.95 35.36 86.11 53.89 42.75 64.53 72.05 95.25 88.93 88.93 89.89 91.13 106.26 82.09 90.11 85.63 105.99 86.32 85.24 89.28 92.50
81.27 36.00 35.29 37.41 39.89 31.34 33.90 34.14 56.37 115.14 123.43 114.14 102.36 96.85 0.00 105.19 101.57 100.28 45.95 57.65 76.05 38.71 66.38 11.38 57.13 42.05 40.57 39.31 53.32 57.45 62.39 74.90 110.24 107.05 64.48 67.45 62.60 70.22 32.82 32.98 86.75 66.97 127.67 135.62 126.41 72.63 8.42 44.10 14.38 54.64 55.58 108.78 90.36 52.64 50.55 95.54 72.34 30.34 48.16 75.28 18.33 71.28 92.58 55.18 40.99 57.29 25.69 25.69 41.29 52.41 79.54 51.78 51.59 73.59 25.90 73.40 14.20 67.02 72.15 61.32 69.57 92.96 66.75 103.95 82.68 97.79 102.16 131.09 67.58 111.26 81.18 73.63 24.49 28.52 31.06 114.97 111.60 95.17 76.73 3.01 58.00 45.74 46.21 43.88 42.18 16.85 35.08 74.37 46.53 57.57 21.24 28.00 35.62 39.59 43.32 48.03 61.33 40.21 64.86 70.92 61.79 78.54 69.28 71.22 115.68 28.18 10.35 14.03 14.03 12.03 9.53 16.68 78.71 12.02 24.01 16.93 82.56 78.86 20.70 13.31
124.04 116.41 120.08 123.58 127.33 111.94 111.86 111.86 113.94 12.19 33.53 49.01 46.08 63.60 105.19 0.00 14.25 43.50 60.23 103.40 66.57 78.30 66.98 102.54 82.03 147.09 83.74 70.05 56.54 52.02 153.52 167.52 15.36 29.67 163.33 172.33 165.54 163.28 125.89 126.09 134.70 128.47 36.57 44.48 27.68 145.45 111.23 148.95 115.62 154.85 149.47 41.61 60.49 136.34 151.99 168.02 113.30 133.63 114.18 120.53 122.25 119.34 73.07 57.27 103.72 106.06 103.75 103.75 144.90 154.32 89.20 92.09 93.17 33.17 80.84 174.20 92.88 56.82 54.72 124.30 136.17 27.30 77.57 28.22 56.89 53.58 46.24 43.60 38.03 11.45 24.01 31.69 94.00 84.41 80.24 16.01 19.24 42.31 57.51 102.36 74.11 72.16 73.19 79.35 76.48 102.17 87.16 58.88 150.46 162.76 86.36 89.20 75.08 71.67 66.82 59.17 66.66 65.34 58.45 55.39 63.05 135.68 103.42 93.19 11.54 77.88 97.70 91.76 91.76 93.64 95.98 104.76 39.08 93.72 82.90 104.23 40.08 41.80 87.12 93.99
130.05 117.10 120.40 123.89 127.63 112.28 112.55 112.58 117.49 15.50 47.71 62.52 58.36 74.53 101.57 14.25 0.00 29.25 59.02 107.64 74.25 70.84 72.93 97.47 86.63 143.61 75.46 64.06 57.77 53.56 154.03 168.01 29.60 43.15 162.39 169.02 163.36 163.61 125.26 125.46 140.57 132.37 50.60 58.29 40.89 148.54 106.81 145.67 113.18 153.45 149.38 54.87 70.58 137.56 150.22 171.77 118.93 131.07 116.64 126.05 117.69 124.45 83.09 59.45 105.71 110.14 103.64 103.64 142.31 152.43 96.90 95.84 96.88 28.03 78.87 172.82 88.39 62.37 61.34 127.80 139.76 37.79 83.70 14.26 43.78 39.38 58.48 57.72 37.83 10.75 23.68 31.45 93.61 83.97 79.78 13.55 10.67 53.52 45.15 98.63 78.72 64.07 64.87 70.85 68.56 96.39 79.49 46.79 147.76 158.78 81.52 82.51 68.88 65.15 60.43 53.85 71.60 61.39 63.61 61.76 67.87 140.46 109.19 99.63 23.80 75.69 93.18 87.71 87.71 89.66 92.11 98.96 28.14 89.72 78.20 98.41 27.90 30.33 82.23 89.48
146.02 123.77 126.20 129.53 133.11 118.47 119.41 119.50 129.47 41.24 76.89 90.97 85.50 99.64 100.28 43.50 29.25 0.00 66.79 121.23 94.91 63.29 91.10 93.24 101.82 140.77 65.26 61.05 70.00 66.89 159.11 172.72 58.85 71.76 164.36 165.88 162.73 168.11 128.99 129.18 156.05 144.51 79.64 87.08 69.32 158.75 103.46 143.20 113.75 154.73 153.40 83.13 94.70 144.50 150.79 182.74 134.52 130.61 126.67 141.27 113.48 138.98 106.73 73.01 115.33 123.34 109.40 109.40 141.43 152.69 116.64 109.10 110.01 37.57 82.75 173.66 86.11 80.74 81.31 139.33 151.11 64.04 101.53 16.09 21.93 10.72 85.59 86.84 51.68 36.82 42.44 47.21 99.43 90.42 86.53 36.15 29.32 79.64 26.54 97.27 94.41 55.80 55.89 60.59 60.13 90.59 70.51 29.00 146.48 154.48 79.04 75.65 64.70 60.71 57.04 54.20 88.31 63.36 81.31 81.36 84.68 153.98 125.34 117.26 52.23 79.45 90.45 86.43 86.43 88.42 90.90 92.98 23.56 88.38 76.38 92.39 18.74 22.19 79.59 87.06
81.10 58.41 61.50 64.98 68.70 53.43 53.90 53.95 62.79 71.02 77.79 71.27 59.80 59.94 45.95 60.23 59.02 66.79 0.00 55.26 43.03 34.26 34.51 45.86 38.24 87.28 41.60 23.18 10.30 12.82 95.11 109.06 64.32 61.71 103.52 112.34 105.32 104.64 66.27 66.47 90.58 77.79 82.03 90.14 80.47 92.07 52.93 89.01 55.44 94.79 90.36 64.96 53.06 79.07 91.82 115.99 69.59 73.45 59.94 75.90 63.87 73.21 60.12 14.11 48.61 57.13 44.67 44.67 84.71 94.13 58.54 43.27 44.07 31.81 20.68 114.17 35.62 28.60 32.98 72.56 84.32 47.39 41.98 64.97 57.07 68.70 59.66 85.87 22.20 67.63 36.51 28.59 34.61 24.99 20.82 71.78 69.60 52.07 51.95 43.33 32.47 33.80 35.40 39.76 35.26 47.28 41.25 50.55 90.28 103.23 30.64 38.95 26.82 26.29 23.63 17.50 29.52 12.59 27.26 32.02 27.24 87.55 61.27 55.53 70.22 17.89 40.19 33.71 33.71 35.32 37.39 49.67 43.24 35.47 27.26 49.27 48.14 44.97 31.41 36.70
26.49 30.24 34.73 36.81 39.26 30.90 28.35 28.12 11.64 115.55 105.03 85.73 75.48 60.43 57.65 103.40 107.64 121.23 55.26 0.00 42.03 79.72 37.33 67.37 21.39 78.15 85.64 71.79 51.35 54.90 59.04 71.78 100.05 88.98 74.85 96.59 83.87 68.57 44.49 44.61 35.37 25.12 108.68 114.53 113.05 42.83 65.29 78.07 52.37 70.30 58.52 84.14 56.52 40.84 70.35 64.64 15.58 62.61 17.31 20.88 71.02 17.95 51.01 48.75 17.08 2.89 32.36 32.36 70.34 72.96 29.33 12.13 11.24 84.24 47.71 86.70 61.76 46.73 49.70 21.51 33.01 79.35 28.19 116.87 112.22 123.87 75.22 108.88 70.87 113.59 84.07 76.73 34.69 37.84 39.86 118.24 118.13 71.53 106.93 57.85 29.28 83.18 84.54 86.32 82.37 72.42 82.10 105.37 75.15 93.27 63.83 75.94 72.32 74.39 74.38 71.49 36.77 63.23 44.98 48.78 40.34 32.95 12.09 19.13 109.95 49.91 62.57 58.85 58.85 58.38 57.89 73.23 97.91 58.63 63.04 73.29 102.90 99.93 64.10 62.02
58.15 65.86 70.49 73.54 76.85 63.56 62.07 61.94 53.65 78.63 63.18 44.09 33.48 21.19 76.05 66.57 74.25 94.91 43.03 42.03 0.00 77.14 9.75 81.11 23.20 109.97 84.44 66.18 33.12 33.02 99.97 113.23 60.17 47.55 114.27 132.11 121.16 109.73 79.28 79.45 68.86 66.30 66.74 72.51 71.80 84.56 84.42 110.73 78.57 108.16 98.30 42.11 15.48 81.62 107.07 105.00 48.16 94.13 57.38 55.35 93.81 54.91 17.38 29.08 50.23 44.92 59.00 59.00 104.09 109.69 22.70 34.10 35.12 58.13 52.87 126.08 71.71 15.44 13.61 63.41 74.44 40.02 13.91 86.19 93.05 100.60 33.22 66.86 44.23 77.71 52.89 47.76 53.23 47.55 45.49 82.39 83.87 29.74 89.15 74.55 18.59 76.73 78.34 82.78 78.28 84.38 83.50 88.47 109.52 126.20 69.37 80.01 69.49 69.29 66.57 59.49 15.07 55.55 16.07 13.69 16.04 71.40 38.35 27.35 70.99 52.46 75.09 68.93 68.93 69.73 70.80 86.29 74.20 69.96 66.67 86.06 78.96 77.06 70.02 72.55
106.13 69.49 70.46 73.31 76.42 64.07 65.91 66.08 83.50 85.90 104.18 102.70 91.83 94.03 38.71 78.30 70.84 63.29 34.26 79.72 77.14 0.00 68.25 30.20 68.23 77.61 7.34 11.20 44.51 46.14 100.65 113.48 87.61 89.84 103.08 102.62 100.07 108.80 70.48 70.66 114.08 97.13 108.30 116.78 103.74 106.99 40.53 80.10 52.98 93.16 94.08 95.62 87.17 88.93 88.87 130.84 95.24 68.49 77.48 100.33 50.23 96.87 94.34 48.37 67.05 80.68 55.50 55.50 78.89 90.56 90.57 69.30 69.74 45.20 32.02 111.56 24.84 62.86 67.12 91.38 101.76 75.57 74.33 69.72 44.28 59.63 91.72 113.42 46.45 81.41 55.87 50.37 47.42 41.92 40.02 84.30 79.62 83.94 38.38 35.86 64.35 7.49 7.59 6.60 3.47 27.29 8.88 35.95 83.72 91.20 18.65 12.38 7.85 8.22 12.47 21.18 63.01 21.67 61.52 66.21 61.18 108.30 88.73 85.66 89.74 29.90 28.40 26.25 26.25 27.99 30.20 29.70 44.22 27.87 17.69 29.11 47.06 43.45 18.88 25.55
57.23 58.13 62.65 65.84 69.29 55.38 54.11 54.00 48.62 79.17 68.31 51.51 40.22 30.57 66.38 66.98 72.93 91.10 34.51 37.33 9.75 68.25 0.00 71.36 16.42 101.01 75.50 57.45 25.17 26.05 93.35 106.90 62.75 51.93 106.86 123.60 113.07 103.20 71.09 71.26 67.84 62.35 72.12 78.53 75.83 80.14 74.73 101.87 69.31 100.30 91.14 48.40 24.35 75.10 98.95 101.72 46.34 85.25 51.07 53.56 84.21 52.41 26.96 21.12 42.78 40.15 50.17 50.17 95.43 101.55 25.78 27.54 28.62 53.66 43.15 118.60 61.98 10.60 12.44 58.79 70.33 42.06 10.77 83.83 87.23 95.93 39.97 73.07 39.50 77.66 50.24 44.05 43.86 37.86 35.74 82.35 83.04 35.03 82.96 64.83 9.85 68.30 69.90 74.07 69.58 74.66 74.31 82.07 100.93 117.30 59.77 70.58 60.51 60.56 58.14 51.54 5.40 46.83 9.79 11.63 7.37 68.82 36.48 26.73 72.84 42.81 65.35 59.20 59.20 59.99 61.05 76.56 69.32 60.22 57.14 76.33 74.21 71.98 60.41 62.82
91.77 47.31 46.67 48.76 51.18 42.53 45.03 45.26 67.02 111.73 123.50 116.44 104.76 101.29 11.38 102.54 97.47 93.24 45.86 67.37 81.11 30.20 71.36 0.00 64.23 47.53 30.67 33.55 54.67 58.33 72.90 84.97 109.09 107.56 73.43 72.73 69.88 80.30 43.87 44.02 97.65 78.11 127.74 135.92 125.40 84.00 10.34 49.97 25.04 63.42 65.84 110.52 94.59 63.91 58.96 106.84 82.42 38.60 59.07 85.77 20.42 81.82 98.15 57.24 51.18 67.26 36.22 36.22 48.75 60.54 87.18 60.32 60.27 69.92 28.45 81.50 10.25 70.37 75.43 72.43 80.90 93.20 73.25 98.40 74.47 89.83 104.59 131.72 66.03 107.59 78.70 71.62 33.00 34.31 35.69 111.00 107.08 97.26 68.58 9.90 63.88 37.62 37.78 34.50 33.57 5.48 25.01 66.14 53.52 61.71 16.18 18.31 29.05 33.01 37.40 43.69 66.08 37.36 68.36 74.25 65.93 89.69 78.64 79.50 113.47 29.61 6.04 12.49 12.49 11.41 10.44 5.86 72.84 11.19 19.67 5.93 76.26 72.58 15.42 9.18
44.21 42.68 47.31 50.34 53.64 40.56 38.95 38.81 32.36 94.19 84.72 67.15 56.18 43.87 57.13 82.03 86.63 101.82 38.24 21.39 23.20 68.23 16.42 64.23 0.00 87.67 75.01 58.56 32.03 34.93 77.11 90.57 78.83 68.35 91.09 109.21 98.01 86.93 56.24 56.40 54.41 46.50 88.51 94.82 92.20 63.96 65.51 88.26 57.20 84.96 75.18 64.56 38.64 58.81 83.95 86.03 32.76 71.75 34.69 39.69 73.85 37.85 36.88 28.81 27.03 24.11 36.82 36.82 81.36 86.57 23.15 11.15 12.22 64.38 38.26 102.90 56.10 25.35 28.54 42.63 54.34 58.13 10.28 96.39 94.87 105.36 55.92 89.30 50.58 92.31 63.20 56.13 32.86 30.06 29.75 96.96 97.04 51.37 89.97 56.20 7.94 70.05 71.57 74.60 70.27 68.38 72.63 88.69 86.72 103.76 55.76 67.62 60.40 61.52 60.32 55.60 15.38 48.63 23.59 27.55 18.98 53.87 23.55 17.54 88.60 39.20 58.49 53.11 53.11 53.39 53.83 69.88 78.93 53.63 53.88 69.77 83.93 81.22 56.25 56.71
92.80 47.91 43.51 41.95 40.55 47.94 50.17 50.37 70.58 157.17 163.61 151.72 140.01 131.13 42.05 147.09 143.61 140.77 87.28 78.15 109.97 77.61 101.01 47.53 87.67 0.00 77.02 80.60 93.49 97.88 42.94 49.16 151.47 146.94 32.89 25.43 23.93 45.30 33.77 33.68 93.55 72.92 167.81 175.47 167.45 67.48 37.38 2.89 32.48 24.00 35.63 147.24 125.28 47.46 19.01 83.48 88.27 15.93 61.85 87.71 27.46 83.78 124.52 94.64 62.51 76.30 50.99 50.99 9.50 18.77 106.32 78.53 77.83 115.64 66.66 36.90 55.46 104.37 109.38 69.07 70.64 133.28 97.95 145.56 121.69 137.14 139.79 170.63 109.27 153.31 123.10 115.45 57.65 65.79 69.46 157.02 153.58 133.42 115.87 44.98 91.43 85.07 85.15 81.29 80.90 50.49 71.37 113.39 9.17 16.35 62.51 65.39 76.38 80.38 84.56 89.93 96.73 82.26 102.10 108.13 98.21 82.57 89.92 96.39 157.42 69.41 50.79 55.92 55.92 53.95 51.50 48.28 120.11 53.90 65.63 48.87 123.69 119.99 61.86 54.40
111.93 73.46 74.02 76.68 79.60 68.12 70.13 70.32 88.80 90.74 110.58 109.76 98.97 101.37 40.57 83.74 75.46 65.26 41.60 85.64 84.44 7.34 75.50 30.67 75.01 77.02 0.00 18.54 51.85 53.47 102.96 115.39 93.69 96.54 104.11 101.56 100.09 110.71 73.14 73.31 119.57 102.04 114.67 123.16 109.70 111.01 40.88 79.64 54.94 94.09 96.12 102.61 94.51 92.26 89.59 134.65 101.21 69.26 82.36 106.06 49.59 102.51 101.66 55.71 72.28 86.46 59.88 59.88 79.18 91.10 97.53 75.56 75.95 50.91 38.02 112.00 27.68 70.20 74.47 96.27 106.30 82.35 81.38 73.13 44.95 60.45 98.87 119.94 53.24 86.14 61.93 56.84 52.48 47.82 46.28 88.77 83.76 91.08 39.29 37.94 71.38 11.59 10.60 4.74 7.49 26.68 5.70 36.78 83.73 89.76 22.69 12.57 14.98 15.51 19.46 28.12 70.23 29.01 68.85 73.55 68.46 113.35 95.02 92.36 95.25 36.21 30.31 29.69 29.69 31.15 33.06 28.76 48.04 30.99 22.72 28.18 50.30 46.84 22.68 28.14
98.28 65.37 67.03 70.16 73.54 59.91 61.39 61.52 76.74 78.60 94.25 91.78 80.80 82.83 39.31 70.05 64.06 61.05 23.18 71.79 66.18 11.20 57.45 33.55 58.56 80.60 18.54 0.00 33.37 34.93 98.91 112.25 78.25 79.48 103.33 105.98 101.89 107.60 68.59 68.78 106.76 90.96 98.42 106.85 94.52 102.32 43.29 82.88 52.71 93.68 92.84 84.82 75.98 85.62 89.76 126.40 87.12 69.64 71.56 92.62 53.93 89.37 83.30 37.28 60.62 73.03 50.94 50.94 80.58 91.68 80.42 60.75 61.30 36.96 25.05 112.63 25.25 51.73 55.95 85.30 96.24 65.11 64.02 64.97 44.78 59.29 80.69 103.28 36.11 74.33 46.78 40.60 41.79 34.68 32.00 77.61 73.55 72.92 38.86 36.30 54.12 11.53 13.01 16.62 12.13 32.35 19.14 36.72 85.75 95.21 18.15 19.32 5.07 3.11 4.02 11.07 52.29 10.64 50.44 55.05 50.29 101.81 80.00 76.10 81.29 22.25 29.83 25.39 25.39 27.38 29.87 34.94 39.52 27.35 15.34 34.39 43.26 39.56 18.77 26.26
76.09 59.90 63.54 67.04 70.79 55.40 55.35 55.36 60.29 68.07 70.25 61.81 50.19 49.64 53.32 56.54 57.77 70.00 10.30 51.35 33.12 44.51 25.17 54.67 32.03 93.49 51.85 33.37 0.00 4.56 97.02 111.02 58.34 53.75 107.01 118.11 110.07 106.76 69.55 69.74 86.05 75.32 74.47 82.34 74.09 90.91 60.85 95.00 61.12 98.79 92.94 55.87 42.76 80.05 96.24 114.40 64.57 78.93 58.90 71.28 71.58 69.01 50.02 4.07 47.93 53.58 47.30 47.30 90.05 98.66 50.21 39.24 40.19 32.90 27.42 118.07 44.47 18.36 22.68 70.46 82.41 39.83 33.78 65.80 63.18 73.33 50.03 77.77 20.02 65.23 34.19 26.33 37.75 28.36 24.33 69.65 68.44 42.61 58.53 50.95 25.11 43.64 45.25 49.87 45.38 56.60 51.54 57.46 95.67 109.68 40.16 49.09 37.12 36.47 33.49 26.43 20.62 22.85 17.15 21.73 17.80 84.25 55.57 48.47 65.56 25.36 48.80 42.26 42.26 43.66 45.49 58.89 46.93 43.84 36.91 58.53 51.93 49.19 40.91 45.51
79.14 64.40 68.07 71.56 75.31 59.93 59.85 59.85 64.17 63.60 66.01 58.46 46.98 47.96 57.45 52.02 53.56 66.89 12.82 54.90 33.02 46.14 26.05 58.33 34.93 97.88 53.47 34.93 4.56 0.00 101.52 115.52 53.83 49.61 111.57 122.57 114.60 111.27 74.11 74.31 89.26 79.16 70.24 78.18 69.63 95.01 64.84 99.42 65.56 103.35 97.48 52.25 41.14 84.48 100.79 118.37 67.66 83.40 63.09 74.49 75.64 72.38 49.36 6.17 52.21 57.22 51.86 51.86 94.54 103.20 51.65 42.84 43.83 29.47 31.58 122.63 48.08 17.68 21.27 74.41 86.36 35.54 35.51 62.00 61.29 70.73 46.84 73.70 16.02 60.82 29.91 22.15 42.31 32.90 28.85 65.27 64.21 39.26 56.93 55.01 27.59 44.55 46.15 51.13 46.69 59.99 53.61 56.02 100.16 114.04 43.40 51.68 39.05 37.96 34.54 26.80 22.12 24.76 17.01 20.50 18.83 87.85 58.45 50.75 60.99 29.34 52.53 46.00 46.00 47.48 49.39 62.34 44.16 47.65 40.05 61.96 49.14 46.60 44.16 49.14
61.66 37.12 33.63 30.14 26.41 41.76 41.67 41.67 47.78 165.08 161.49 144.05 133.27 119.35 62.39 153.52 154.03 159.11 95.11 59.04 99.97 100.65 93.35 72.90 77.11 42.94 102.96 98.91 97.02 101.52 0.00 14.00 153.61 144.88 18.44 46.81 31.92 9.88 30.33 30.14 58.53 41.40 165.39 171.89 168.14 28.33 63.64 40.73 48.03 20.50 7.68 141.67 115.05 18.35 24.54 40.57 61.96 37.53 42.60 58.29 59.39 55.28 110.04 96.34 50.89 56.27 50.45 50.45 33.88 25.90 87.79 65.99 64.93 126.84 76.54 29.28 75.82 100.59 104.75 40.52 35.53 133.30 86.13 159.74 143.61 158.17 133.01 166.40 116.42 162.13 130.90 122.91 60.55 70.12 74.30 166.46 164.65 128.38 137.67 65.04 83.76 107.27 107.94 106.16 104.11 77.87 97.47 135.43 34.43 50.26 82.22 90.40 96.30 100.01 102.80 104.93 90.92 95.82 98.43 103.61 93.76 47.18 67.85 77.77 162.06 79.85 72.67 74.52 74.52 72.71 70.45 76.66 136.10 72.81 84.09 77.13 140.56 136.98 81.89 75.15
71.08 51.12 47.61 44.12 40.38 55.75 55.67 55.67 60.28 179.08 175.14 157.27 146.63 132.22 74.90 167.52 168.01 172.72 109.06 71.78 113.23 113.48 106.90 84.97 90.57 49.16 115.39 112.25 111.02 115.52 14.00 0.00 167.51 158.57 17.23 45.44 31.35 4.68 43.74 43.54 66.24 51.83 179.00 185.39 181.95 35.65 75.28 46.52 60.53 25.18 19.43 155.10 128.15 31.82 30.25 39.18 73.01 47.72 55.90 68.52 69.76 65.96 122.60 110.32 64.68 68.95 64.39 64.39 41.33 30.44 99.97 79.42 78.35 140.77 90.31 23.06 88.65 114.36 118.44 52.04 44.81 147.15 99.34 173.60 156.84 171.54 146.37 179.86 130.41 176.13 144.90 136.91 74.47 84.07 88.25 180.45 178.62 141.92 150.88 77.66 97.39 120.26 120.86 118.78 116.94 89.71 109.82 148.61 40.02 52.21 95.24 102.83 109.46 113.23 116.18 118.58 104.62 109.51 112.22 117.32 107.52 55.35 79.77 90.12 176.02 93.62 85.24 87.53 87.53 85.67 83.35 88.29 149.81 85.76 97.27 88.79 154.23 150.63 94.86 87.92
118.32 116.76 120.78 124.23 127.94 112.75 112.30 112.26 111.18 22.90 18.62 34.69 33.96 52.90 110.24 15.36 29.60 58.85 64.32 100.05 60.17 87.61 62.75 109.09 78.83 151.47 93.69 78.25 58.34 53.83 153.61 167.51 0.00 16.08 164.88 176.32 168.39 163.47 127.52 127.71 129.02 125.10 22.10 30.44 16.33 142.79 116.99 153.10 119.29 156.95 150.23 27.91 51.10 135.84 154.53 164.43 108.20 137.19 112.64 115.42 128.00 114.73 63.35 57.99 102.90 102.85 105.20 105.20 148.36 156.97 82.06 89.58 90.68 42.98 84.83 176.13 99.05 53.66 50.35 121.45 133.06 20.70 72.69 43.54 71.26 68.84 34.16 28.76 43.07 24.84 31.77 37.73 95.97 86.69 82.68 28.47 33.45 32.23 71.32 107.59 71.19 82.18 83.39 89.57 86.24 109.44 96.47 72.44 153.97 167.50 93.03 97.57 83.32 80.30 75.49 67.19 63.67 71.83 55.65 51.29 60.40 131.23 98.32 87.49 11.64 82.18 103.81 97.54 97.54 99.28 101.48 111.99 52.32 99.40 89.51 111.50 54.06 55.30 93.81 100.16
105.19 108.70 112.99 116.35 119.96 105.19 104.39 104.32 100.44 38.86 16.81 19.38 18.08 37.40 107.05 29.67 43.15 71.76 61.71 88.98 47.55 89.84 51.93 107.56 68.35 146.94 96.54 79.48 53.75 49.61 144.88 158.57 16.08 0.00 157.40 171.18 162.16 154.75 120.51 120.70 115.84 113.69 20.93 28.59 24.27 131.78 114.44 148.32 114.47 150.08 142.16 11.99 36.44 126.75 148.10 152.54 95.61 131.98 102.91 102.76 125.25 102.45 48.24 52.31 94.00 91.85 98.41 98.41 142.92 150.62 68.34 79.43 80.52 48.29 81.16 168.94 97.32 44.38 40.14 110.49 121.78 14.45 60.93 57.42 81.14 81.10 18.30 24.16 43.41 40.35 36.74 39.91 89.90 81.20 77.48 44.28 48.73 17.98 80.18 104.62 61.21 85.45 86.83 92.88 89.07 108.71 98.46 80.88 148.54 163.21 92.03 98.39 84.41 81.96 77.38 68.71 53.96 71.40 46.60 41.26 51.19 118.92 85.86 74.74 27.63 78.95 101.90 95.41 95.41 96.97 98.95 111.17 60.99 97.13 88.54 110.74 63.75 64.19 92.81 98.41
79.88 48.80 44.43 41.10 37.58 52.25 53.03 53.11 64.16 174.46 174.18 158.21 147.07 134.38 64.48 163.33 162.39 164.36 103.52 74.85 114.27 103.08 106.86 73.43 91.09 32.89 104.11 103.33 107.01 111.57 18.44 17.23 164.88 157.40 0.00 29.18 14.49 14.53 37.46 37.26 76.97 59.44 178.19 185.08 180.00 46.67 63.28 30.11 50.62 10.07 16.36 155.21 129.62 34.41 14.95 55.45 79.47 34.88 57.72 76.27 56.18 73.07 125.65 106.94 64.12 72.24 59.73 59.73 26.23 14.27 104.08 80.20 79.22 134.60 83.58 11.87 78.64 113.06 117.55 58.00 53.90 145.06 100.68 166.70 147.16 162.25 146.82 179.74 125.51 171.15 139.97 131.99 69.33 78.93 83.10 175.29 172.86 141.64 141.21 67.42 97.05 110.20 110.62 107.87 106.53 77.69 98.43 138.84 23.75 35.01 85.57 91.70 99.99 103.91 107.34 110.84 103.82 102.08 110.83 116.37 106.30 65.62 84.61 93.91 172.56 86.81 74.71 78.02 78.02 76.06 73.61 75.97 142.10 76.11 88.03 76.51 146.25 142.58 85.09 77.79
106.26 67.13 62.44 59.92 57.33 68.65 70.39 70.55 87.26 182.52 187.93 174.88 163.29 153.07 67.45 172.33 169.02 165.88 112.34 96.59 132.11 102.62 123.60 72.73 109.21 25.43 101.56 105.98 118.11 122.57 46.81 45.44 176.32 171.18 29.18 0.00 14.90 43.55 53.06 52.90 104.61 85.64 192.09 199.59 192.19 75.05 62.70 23.39 57.03 27.69 42.17 170.82 147.57 59.31 26.38 84.43 104.08 39.22 79.40 101.99 52.41 98.42 145.58 119.01 82.72 94.33 73.53 73.53 28.31 23.85 125.74 99.20 98.37 141.04 91.67 23.86 80.87 127.89 132.79 83.13 81.19 157.76 119.37 170.95 146.45 161.93 163.06 194.61 134.43 178.69 148.36 140.66 81.33 90.02 93.87 182.42 179.00 157.01 140.68 70.39 113.82 110.10 110.10 105.97 105.85 75.35 95.99 138.19 22.73 12.67 87.91 90.30 101.70 105.68 109.92 115.36 119.68 107.65 125.61 131.55 121.49 93.22 107.61 115.57 182.55 94.51 76.18 81.34 81.34 79.37 76.91 73.03 145.47 79.33 91.06 73.62 148.98 145.29 87.25 79.81
91.95 55.39 50.72 47.84 44.84 57.70 59.09 59.22 73.98 176.21 178.97 164.58 153.15 141.82 62.60 165.54 163.36 162.73 105.32 83.87 121.16 100.07 113.07 69.88 98.01 23.93 100.09 101.89 110.07 114.60 31.92 31.35 168.39 162.16 14.49 14.90 0.00 29.01 41.99 41.82 89.93 71.33 183.07 190.31 183.96 60.20 59.55 21.07 50.17 13.65 27.59 160.98 136.63 45.21 14.13 69.94 90.35 32.38 66.57 87.88 50.64 84.42 133.79 110.53 71.10 81.47 63.76 63.76 21.32 11.56 113.18 87.57 86.67 135.34 84.77 13.23 76.67 118.22 122.97 69.14 66.57 149.19 108.00 166.46 144.35 159.70 152.91 185.16 127.51 172.62 141.76 133.89 72.49 81.71 85.75 176.56 173.61 147.22 138.46 65.61 103.23 107.45 107.66 104.21 103.45 73.41 94.40 136.02 16.37 21.18 83.77 88.10 98.04 102.03 105.90 110.43 109.51 102.14 115.95 121.74 111.63 78.54 94.47 102.98 175.32 87.83 72.28 76.60 76.60 74.60 72.10 71.37 141.30 74.60 86.61 71.94 145.15 141.45 83.19 75.70
69.36 46.89 43.26 39.76 36.02 51.41 51.43 51.44 57.19 174.80 171.36 153.81 143.07 128.97 70.22 163.28 163.61 168.11 104.64 68.57 109.73 108.80 103.20 80.30 86.93 45.30 110.71 107.60 106.76 111.27 9.88 4.68 163.47 154.75 14.53 43.55 29.01 0.00 39.13 38.93 65.16 49.63 175.25 181.73 178.02 34.46 70.64 42.73 55.85 21.31 14.77 151.49 124.76 28.13 26.29 40.93 70.62 43.19 52.35 66.47 65.25 63.72 119.52 106.14 60.77 65.78 59.97 59.97 37.18 26.72 97.08 75.80 74.74 136.31 85.77 22.57 83.97 110.47 114.62 49.39 43.02 143.18 95.88 169.09 152.17 166.89 142.81 176.23 126.07 171.80 140.57 132.57 70.04 79.65 83.84 176.11 174.22 138.23 146.21 72.98 93.62 115.58 116.18 114.10 112.26 85.06 105.14 143.94 36.21 49.40 90.56 98.15 104.79 108.57 111.54 114.00 100.79 104.94 108.31 113.49 103.63 54.05 76.99 87.14 171.88 89.07 80.56 82.86 82.86 80.99 78.67 83.65 145.24 81.08 92.60 84.15 149.64 146.04 90.18 83.24
60.03 14.31 9.77 8.42 8.47 15.73 17.34 17.50 36.91 137.08 137.32 122.58 111.16 100.11 32.82 125.89 125.26 128.99 66.27 44.49 79.28 70.48 71.09 43.87 56.24 33.77 73.14 68.59 69.55 74.11 30.33 43.74 127.52 120.51 37.46 53.06 41.99 39.13 0.00 0.20 62.25 41.25 141.39 148.50 142.77 41.57 35.70 33.58 18.94 29.57 24.44 119.02 94.76 20.47 27.87 63.31 54.67 18.86 28.09 54.64 34.90 50.61 92.53 69.54 29.69 42.57 22.31 22.31 25.88 30.46 73.12 46.15 45.32 97.66 46.80 48.62 45.71 76.37 81.05 36.62 41.06 107.86 66.35 130.20 113.28 127.87 110.92 143.29 88.14 133.84 102.62 94.63 31.89 41.51 45.70 138.03 135.79 105.29 107.34 35.25 61.24 77.00 77.70 76.15 73.93 49.14 67.77 105.10 30.89 48.80 51.97 60.64 65.98 69.68 72.50 74.88 67.53 65.85 74.10 79.83 69.72 52.06 56.17 63.06 135.10 50.09 42.87 44.27 44.27 42.50 40.31 48.33 106.15 42.62 53.77 48.73 110.53 106.91 51.66 45.11
60.07 14.44 9.88 8.46 8.43 15.90 17.49 17.65 36.98 137.28 137.50 122.76 111.34 100.27 32.98 126.09 125.46 129.18 66.47 44.61 79.45 70.66 71.26 44.02 56.40 33.68 73.31 68.78 69.74 74.31 30.14 43.54 127.71 120.70 37.26 52.90 41.82 38.93 0.20 0.00 62.25 41.25 141.57 148.69 142.96 41.48 35.82 33.48 19.07 29.38 24.24 119.20 94.93 20.36 27.69 63.19 54.74 18.81 28.18 54.68 34.97 50.66 92.68 69.73 29.83 42.67 22.51 22.51 25.76 30.29 73.25 46.30 45.47 97.85 47.00 48.42 45.88 76.55 81.23 36.64 41.02 108.05 66.51 130.39 113.47 128.06 111.10 143.47 88.34 134.04 102.82 94.83 32.09 41.71 45.90 138.23 135.99 105.48 107.52 35.42 61.42 77.18 77.88 76.32 74.10 49.29 67.94 105.29 30.75 48.68 52.15 60.81 66.17 69.87 72.68 75.08 67.71 66.05 74.29 80.02 69.90 52.04 56.27 63.18 135.30 50.29 43.03 44.45 44.45 42.68 40.49 48.46 106.35 42.79 53.95 48.86 110.72 107.11 51.83 45.28
10.71 51.76 54.27 54.04 54.05 55.65 52.97 52.73 30.92 146.88 130.42 107.82 99.69 81.28 86.75 134.70 140.57 156.05 90.58 35.37 68.86 114.08 67.84 97.65 54.41 93.55 119.57 106.76 86.05 89.26 58.53 66.24 129.02 115.84 76.97 104.61 89.93 65.16 62.25 62.25 0.00 21.00 133.54 137.97 140.03 30.70 93.09 92.41 77.31 77.02 62.44 108.44 79.92 46.33 79.38 40.34 21.69 80.64 38.60 14.77 95.83 17.46 70.03 83.10 47.41 33.80 61.49 61.49 84.24 81.56 47.63 47.31 46.51 118.73 82.16 87.40 93.96 78.28 79.99 25.98 23.44 108.80 57.15 150.75 147.59 159.05 99.42 132.16 104.98 145.49 117.40 110.49 67.22 72.28 74.77 150.18 150.81 97.86 142.31 87.76 62.13 118.02 119.33 120.66 116.90 103.04 115.56 140.74 87.46 105.56 97.16 108.99 106.93 109.25 109.52 106.86 69.02 98.52 76.97 79.35 72.75 11.39 31.40 41.62 139.80 84.63 93.78 91.24 91.24 90.40 89.39 103.32 132.91 90.62 96.85 103.50 137.90 135.02 97.31 94.00
20.63 31.28 33.43 33.06 33.08 35.63 33.09 32.86 15.05 140.60 129.49 109.11 99.44 83.02 66.97 128.47 132.37 144.51 77.79 25.12 66.30 97.13 62.35 78.11 46.50 72.92 102.04 90.96 75.32 79.16 41.40 51.83 125.10 113.69 59.44 85.64 71.33 49.63 41.25 41.25 21.00 0.00 133.02 138.52 137.86 18.47 72.85 71.92 56.70 57.96 43.80 108.19 79.97 26.41 59.76 39.55 21.30 59.69 19.68 16.90 75.03 14.13 72.61 73.08 30.34 22.41 42.51 42.51 63.74 62.09 49.41 36.54 35.50 108.13 65.92 70.66 75.42 71.85 74.76 5.78 8.16 104.41 52.76 141.11 133.78 146.33 99.17 132.79 95.17 138.58 108.72 101.21 49.71 56.37 59.52 143.20 142.92 96.02 128.22 68.24 54.37 101.80 102.99 103.62 100.17 83.57 97.64 126.44 67.26 85.56 79.37 90.81 90.44 93.17 94.10 92.69 61.88 83.83 70.08 73.86 65.43 11.58 29.18 40.28 135.06 68.75 74.71 72.88 72.88 71.82 70.54 83.64 121.00 72.03 79.53 83.87 125.92 122.76 79.43 75.33
123.04 129.44 133.76 137.11 140.69 126.01 125.16 125.08 120.25 39.88 4.24 27.00 33.89 52.60 127.67 36.57 50.60 79.64 82.03 108.68 66.74 108.30 72.12 127.74 88.51 167.81 114.67 98.42 74.47 70.24 165.39 179.00 22.10 20.93 178.19 192.09 183.07 175.25 141.39 141.57 133.54 133.02 0.00 8.51 12.17 151.30 134.92 169.21 135.34 170.95 162.84 25.10 53.69 147.18 169.01 171.35 114.11 152.90 123.19 121.13 145.80 121.18 63.96 73.17 114.58 111.57 119.32 119.32 163.84 171.53 85.94 99.65 100.73 64.49 101.82 189.76 117.54 65.13 60.71 130.13 141.16 34.71 80.49 63.80 93.23 89.95 34.16 7.35 62.43 43.46 52.99 57.94 110.82 102.10 98.36 45.74 51.98 37.19 93.41 125.19 81.63 103.28 104.56 110.71 107.18 128.61 117.09 94.55 169.46 184.06 111.98 117.61 103.44 100.70 95.97 87.44 74.52 91.04 67.37 61.87 71.90 137.52 104.58 93.33 27.71 99.51 122.18 115.74 115.74 117.36 119.39 131.11 74.42 117.50 108.47 130.66 76.11 77.40 112.76 118.63
127.61 136.28 140.67 143.98 147.53 133.02 132.07 131.99 126.15 46.59 12.61 30.21 39.10 56.69 135.62 44.48 58.29 87.08 90.14 114.53 72.51 116.78 78.53 135.92 94.82 175.47 123.16 106.85 82.34 78.18 171.89 185.39 30.44 28.59 185.08 199.59 190.31 181.73 148.50 148.69 137.97 138.52 8.51 0.00 18.00 156.90 142.97 176.82 142.99 178.03 169.57 30.40 58.65 153.61 176.22 176.39 119.12 160.43 129.50 126.02 153.81 126.30 67.99 80.87 121.22 117.42 126.56 126.56 171.31 178.76 90.60 105.97 107.03 72.99 109.74 196.72 125.70 72.13 67.53 135.87 146.68 42.75 86.38 71.11 101.32 97.52 39.36 5.81 70.82 50.51 61.49 66.41 118.27 109.70 106.03 52.35 58.84 43.52 101.64 133.18 88.20 111.78 113.06 119.22 115.68 136.88 125.55 102.83 176.92 191.76 120.23 126.01 111.87 109.15 104.43 95.88 81.27 99.36 74.40 68.73 78.83 142.49 109.76 98.50 34.87 107.50 130.32 123.86 123.86 125.45 127.46 139.37 82.73 125.60 116.73 138.93 84.29 85.67 121.01 126.80
129.40 131.56 135.71 139.13 142.80 127.76 127.16 127.11 124.44 28.59 12.03 36.72 40.99 60.44 126.41 27.68 40.89 69.32 80.47 113.05 71.80 103.74 75.83 125.40 92.20 167.45 109.70 94.52 74.09 69.63 168.14 181.95 16.33 24.27 180.00 192.19 183.96 178.02 142.77 142.96 140.03 137.86 12.17 18.00 0.00 155.88 133.24 169.03 135.18 172.29 165.08 32.74 60.34 150.17 170.02 176.79 119.87 153.01 126.56 127.02 144.24 126.71 71.64 73.43 117.27 115.90 120.49 120.49 164.13 172.49 92.47 103.19 104.29 58.82 100.88 191.37 115.34 67.60 63.73 134.55 145.93 34.94 85.10 53.28 84.43 79.84 41.24 19.30 59.38 32.60 47.88 54.05 111.47 102.34 98.39 34.35 40.85 42.22 85.19 123.78 84.85 98.15 99.31 105.50 102.28 125.77 112.61 86.55 169.76 183.55 109.36 113.84 99.59 96.53 91.70 83.45 77.45 88.15 69.73 64.79 74.43 143.19 110.12 99.01 17.14 98.30 120.10 113.80 113.80 115.54 117.71 128.31 66.68 115.66 105.83 127.83 67.75 69.46 110.13 116.46
