150
0.00 29.40 134.11 139.47 139.47 28.10 30.65 25.94 22.47 28.38 31.88 109.01 84.29 23.54 37.82 63.45 25.36 31.68 61.71 31.54 13.83 18.04 94.35 68.19 63.60 22.10 63.60 73.78 54.72 32.84 50.70 39.57 38.49 97.52 47.59 58.80 75.13 86.30 77.01 29.93 30.83 108.72 53.99 130.65 108.76 121.44 99.03 144.18 105.48 140.72 109.76 97.79 37.90 46.98 47.28 144.54 137.29 98.40 110.92 28.82 58.25 93.54 72.18 72.13 67.01 36.05 55.66 100.65 32.65 58.02 64.50 56.14 60.75 64.75 77.26 81.29 73.29 83.52 68.76 73.30 64.35 11.48 28.25 40.87 140.88 86.26 78.71 44.64 47.29 44.93 42.87 40.78 107.10 46.06 56.27 42.48 111.26 109.46 47.94 78.80 63.96 103.00 75.18 76.54 78.78 150.35 152.23 146.74 75.34 122.52 133.68 73.55 90.34 78.31 81.18 73.09 63.68 46.75 64.76 48.74 51.29 63.28 59.51 62.16 54.80 46.48 45.76 108.22 59.29 54.89 57.09 58.22 128.72 126.78 70.18 79.54 84.49 78.19 63.50 65.41 63.04 107.98 115.84 83.76 72.41 67.63 61.64 41.92 51.39 39.20
29.40 0.00 141.20 146.91 146.91 54.03 55.40 51.38 49.57 37.38 55.81 108.61 79.25 13.97 24.52 88.63 50.11 60.91 90.74 59.82 25.12 19.49 116.13 72.25 91.78 34.30 91.78 102.24 83.30 55.45 67.25 59.44 58.60 102.35 50.27 79.85 101.32 105.92 89.42 59.24 59.70 103.80 55.70 129.74 105.77 123.15 101.09 158.31 124.13 152.45 123.37 109.11 32.92 42.02 61.93 155.84 136.04 96.32 126.45 44.10 53.56 115.30 70.20 65.26 79.06 52.24 59.71 111.65 58.31 84.77 87.45 49.81 67.27 70.91 94.37 97.70 92.99 104.60 75.17 77.95 67.90 19.46 40.95 43.79 152.83 111.58 105.85 40.43 39.65 65.87 64.48 63.11 117.43 67.52 74.85 65.13 121.72 121.64 48.67 105.43 89.02 106.98 101.06 102.54 105.49 165.11 166.83 162.64 102.94 137.68 150.97 96.83 113.22 101.29 103.53 96.48 87.08 55.36 86.68 57.99 58.11 70.66 55.73 60.19 52.22 59.61 71.24 125.62 85.47 82.48 83.96 84.73 145.91 140.98 93.43 100.87 108.91 100.54 89.60 90.96 89.28 108.57 115.11 108.51 90.44 87.93 60.53 36.53 64.44 66.33
134.11 141.20 0.00 5.82 5.82 150.93 111.04 150.75 120.08 162.48 156.84 42.78 71.40 149.11 164.30 174.29 114.08 138.18 128.14 121.51 123.74 125.40 77.13 68.94 118.44 112.99 118.44 122.59 152.44 159.43 85.62 97.98 99.08 39.10 91.01 180.87 103.78 69.35 58.61 130.06 141.37 58.71 85.51 37.37 51.77 28.57 42.99 39.51 59.84 25.27 36.74 38.90 108.41 100.08 87.43 25.04 39.11 54.44 44.13 105.29 90.03 77.17 73.85 83.62 67.65 98.48 81.58 35.92 153.96 164.91 90.09 94.33 74.54 70.68 66.23 61.88 75.51 76.21 66.42 63.25 73.30 140.50 106.16 97.73 26.51 98.05 110.79 101.26 103.39 95.53 98.02 100.61 29.30 95.68 83.73 100.17 26.16 32.09 92.53 106.88 98.90 35.36 179.59 180.01 178.14 46.10 46.28 50.61 114.33 40.45 53.72 187.23 201.40 191.68 195.61 89.08 92.06 87.99 86.51 85.72 185.21 196.76 192.41 195.66 89.95 87.74 106.03 53.31 105.32 159.12 163.83 107.23 52.02 35.48 184.78 196.74 191.94 193.23 170.98 174.31 104.99 40.19 40.48 190.17 196.79 189.19 195.33 105.15 82.96 114.38
139.47 146.91 5.82 0.00 0.00 155.88 115.97 155.75 125.09 167.85 161.80 48.19 77.13 154.71 169.93 178.67 119.13 142.89 131.92 126.25 129.24 130.99 79.61 74.66 122.14 118.46 122.14 125.91 156.67 164.42 90.65 102.99 104.09 44.89 96.69 185.59 107.05 72.63 63.56 134.80 146.13 63.85 91.23 41.10 57.01 33.51 48.78 36.94 61.82 22.60 39.50 43.45 114.14 105.85 92.64 21.49 42.06 60.05 46.16 110.66 95.83 79.70 79.67 89.42 72.82 103.74 87.25 40.45 158.84 169.26 94.08 100.14 80.13 76.30 70.40 66.00 79.48 79.45 72.03 68.96 79.02 146.00 111.59 103.38 23.88 100.80 113.87 107.02 109.18 100.35 102.85 105.44 33.76 100.44 88.46 104.93 30.26 35.48 98.25 109.96 102.72 41.18 183.71 184.10 182.11 43.03 42.99 48.20 117.57 41.06 52.89 191.61 205.59 196.02 199.96 92.63 96.04 93.50 90.59 91.20 190.51 201.99 197.92 201.13 95.73 93.05 110.50 55.23 109.26 163.46 168.19 111.19 51.72 35.57 189.21 201.19 196.07 197.61 175.29 178.63 108.78 45.72 45.53 194.27 201.52 193.84 200.78 110.90 88.23 118.96
139.47 146.91 5.82 0.00 0.00 155.88 115.97 155.75 125.09 167.85 161.80 48.19 77.13 154.71 169.93 178.67 119.13 142.89 131.92 126.25 129.24 130.99 79.61 74.66 122.14 118.46 122.14 125.91 156.67 164.42 90.65 102.99 104.09 44.89 96.69 185.59 107.05 72.63 63.56 134.80 146.13 63.85 91.23 41.10 57.01 33.51 48.78 36.94 61.82 22.60 39.50 43.45 114.14 105.85 92.64 21.49 42.06 60.05 46.16 110.66 95.83 79.70 79.67 89.42 72.82 103.74 87.25 40.45 158.84 169.26 94.08 100.14 80.13 76.30 70.40 66.00 79.48 79.45 72.03 68.96 79.02 146.00 111.59 103.38 23.88 100.80 113.87 107.02 109.18 100.35 102.85 105.44 33.76 100.44 88.46 104.93 30.26 35.48 98.25 109.96 102.72 41.18 183.71 184.10 182.11 43.03 42.99 48.20 117.57 41.06 52.89 191.61 205.59 196.02 199.96 92.63 96.04 93.50 90.59 91.20 190.51 201.99 197.92 201.13 95.73 93.05 110.50 55.23 109.26 163.46 168.19 111.19 51.72 35.57 189.21 201.19 196.07 197.61 175.29 178.63 108.78 45.72 45.53 194.27 201.52 193.84 200.78 110.90 88.23 118.96
28.10 54.03 150.93 155.88 155.88 0.00 39.90 2.77 30.97 27.97 5.95 131.40 109.52 42.90 50.73 35.41 37.09 16.54 49.17 30.85 41.45 46.14 97.47 90.08 55.24 46.89 55.24 63.15 30.95 8.82 65.34 53.00 51.91 117.26 71.94 32.16 71.50 93.11 92.33 22.86 12.94 133.26 78.14 152.76 132.44 142.28 120.40 154.45 112.22 153.44 121.87 112.63 65.30 73.81 64.31 157.55 159.46 121.95 121.01 49.67 84.40 96.73 96.70 98.36 83.56 54.15 78.58 115.63 4.55 30.74 68.67 82.83 81.84 85.70 87.90 92.35 81.20 88.52 89.22 94.49 86.80 34.72 50.97 65.88 153.38 83.62 72.23 71.45 74.65 55.67 53.17 50.59 122.32 55.82 67.78 51.34 126.18 122.93 73.02 73.70 64.24 123.06 47.39 48.82 51.50 159.78 161.78 155.03 67.75 132.48 140.82 45.57 62.36 50.37 53.39 75.44 67.18 68.22 70.54 69.53 40.66 49.17 57.31 57.63 80.50 64.89 48.54 116.35 57.70 28.70 29.93 55.97 136.16 137.56 42.23 52.14 56.40 50.42 35.78 37.47 60.77 129.86 138.22 55.69 47.22 41.08 56.38 69.15 69.08 39.59
30.65 55.40 111.04 115.97 115.97 39.90 0.00 39.85 9.56 56.27 45.83 93.88 76.28 53.56 68.40 66.91 5.40 28.33 40.33 12.67 30.44 36.73 63.75 53.26 38.24 24.52 38.24 48.97 48.67 48.48 25.55 13.32 12.30 78.22 40.21 70.42 45.93 56.33 52.44 20.32 31.04 98.13 45.24 114.75 96.20 103.55 82.26 116.06 75.64 114.11 82.60 72.77 43.37 47.90 25.43 118.14 121.43 85.80 82.54 18.51 54.98 62.94 62.89 67.95 43.87 17.58 43.77 75.76 42.97 58.39 33.86 55.17 44.72 48.24 48.89 53.23 43.53 53.09 51.21 56.86 50.76 41.54 22.21 36.57 114.12 56.36 50.73 45.86 50.70 16.01 13.57 11.07 82.44 16.53 28.17 12.34 86.33 83.30 42.55 50.09 33.82 84.11 75.38 76.30 76.39 121.82 123.77 117.68 48.23 94.14 104.13 79.47 95.32 84.24 87.91 42.46 33.03 32.76 34.28 33.15 76.77 87.26 88.56 90.55 50.40 26.87 15.85 78.90 30.10 53.15 57.27 29.47 99.25 98.87 76.57 88.07 87.06 85.21 64.73 67.71 33.90 91.95 100.59 85.68 86.18 79.03 89.76 45.59 30.26 12.70
25.94 51.38 150.75 155.75 155.75 2.77 39.85 0.00 30.68 25.47 6.47 130.49 108.14 40.15 48.00 37.78 36.71 18.21 51.31 31.52 39.47 43.96 98.55 89.16 57.09 45.38 57.09 65.23 33.70 8.69 65.13 52.78 51.68 116.67 70.63 33.54 73.05 93.83 92.19 23.86 14.75 132.03 76.88 151.91 131.34 141.60 119.61 154.98 113.02 153.72 122.16 112.61 63.43 72.09 63.83 157.80 158.61 120.86 121.50 48.64 82.82 97.81 95.43 96.79 83.25 53.46 77.49 115.59 6.97 33.39 69.51 81.15 81.00 84.89 88.23 92.66 81.76 89.39 88.47 93.68 85.79 32.12 49.74 64.45 153.68 85.15 74.02 69.73 72.80 55.75 53.26 50.69 122.27 56.00 67.90 51.55 126.18 123.08 71.60 75.39 65.40 122.45 49.90 51.33 54.12 160.40 162.39 155.75 69.61 133.00 141.64 47.61 64.40 52.38 55.30 76.49 68.07 67.27 71.24 68.66 39.26 48.29 55.33 55.84 79.00 64.27 49.29 117.02 58.98 31.45 32.60 57.29 136.94 138.01 44.25 53.86 58.68 52.31 38.31 39.91 62.13 129.02 137.32 58.02 48.23 42.46 54.64 67.33 68.56 40.41
22.47 49.57 120.08 125.09 125.09 30.97 9.56 30.68 0.00 46.86 36.83 101.19 81.55 45.93 60.22 60.39 6.17 21.70 42.09 10.79 25.74 32.29 72.67 60.05 42.23 23.37 42.23 52.77 44.31 39.36 34.45 22.10 21.00 86.39 44.32 62.26 52.70 65.73 61.53 14.72 23.69 104.32 50.00 122.34 102.88 111.55 89.88 125.62 85.06 123.61 92.12 82.02 43.56 49.77 33.39 127.62 129.03 92.40 92.10 21.24 58.42 71.87 68.30 71.98 52.60 23.73 49.43 85.00 34.37 52.45 42.74 57.92 51.62 55.36 58.45 62.78 53.01 62.27 58.67 64.12 57.12 33.82 23.94 39.45 123.62 63.79 56.56 47.54 51.92 25.53 23.11 20.63 91.66 26.09 37.66 21.87 95.61 92.72 46.15 56.46 41.55 92.23 69.86 70.91 71.60 131.38 133.33 127.20 53.45 103.70 113.59 72.59 88.84 77.41 80.95 51.04 41.74 38.59 43.49 39.50 67.20 77.75 79.20 81.09 54.02 34.20 23.38 88.41 36.83 47.63 51.35 35.82 108.73 108.43 69.54 80.72 81.08 78.15 58.73 61.50 40.60 99.45 107.96 79.85 77.82 71.02 80.28 46.49 38.19 16.91
28.38 37.38 162.48 167.85 167.85 27.97 56.27 25.47 46.86 0.00 25.93 136.29 109.92 23.45 24.41 56.06 51.55 42.82 76.39 52.27 39.88 40.69 119.23 96.01 81.40 49.93 81.40 90.13 58.31 23.93 78.68 67.06 65.94 125.66 74.69 44.03 96.20 112.58 105.28 46.47 39.73 134.66 81.04 157.93 135.33 149.23 126.77 171.82 131.90 168.83 137.68 126.07 61.87 71.59 75.57 172.70 164.52 125.15 138.40 57.19 83.43 118.44 98.63 96.84 95.35 64.35 83.28 128.95 30.45 54.90 89.38 80.61 88.85 92.84 104.65 108.82 99.80 109.07 96.91 101.27 92.02 24.07 56.46 67.75 168.96 108.09 98.05 69.41 70.80 71.79 69.52 67.18 135.43 72.63 83.61 68.60 139.58 137.60 74.53 99.04 86.96 131.07 68.80 70.39 74.32 177.80 179.72 173.86 93.89 150.02 160.40 61.92 77.61 66.02 67.77 97.31 88.24 74.91 90.32 76.99 23.40 35.89 32.36 34.31 80.61 74.85 69.39 135.13 81.17 54.60 54.39 79.69 155.52 154.48 58.62 64.60 74.64 64.86 58.26 58.74 84.64 135.48 143.09 74.60 53.23 51.45 33.61 66.05 79.75 61.23
31.88 55.81 156.84 161.80 161.80 5.95 45.83 6.47 36.83 25.93 0.00 136.94 114.58 43.75 49.78 32.83 42.93 21.85 53.37 36.73 45.57 49.79 103.08 95.61 60.00 51.79 60.00 67.44 32.46 3.12 71.24 58.89 57.80 123.02 77.09 27.16 76.65 98.93 98.25 28.63 18.16 138.49 83.34 158.35 137.81 147.99 126.03 160.33 118.01 159.38 127.81 118.57 69.61 78.37 70.11 163.49 165.05 127.33 126.91 55.10 89.19 102.34 101.89 103.16 89.43 59.84 83.96 121.57 5.01 29.69 74.45 87.46 87.43 91.31 93.84 98.29 87.08 94.26 94.88 100.10 92.26 36.95 56.21 70.88 159.32 88.79 77.03 76.01 78.99 61.62 59.12 56.54 128.26 61.77 73.73 57.29 132.13 128.88 78.03 78.66 69.80 128.80 45.30 46.80 50.02 165.63 167.64 160.84 72.45 138.36 146.59 41.85 58.60 46.56 49.34 81.07 72.92 73.73 76.38 75.10 35.65 43.56 53.22 53.15 85.40 70.62 54.37 122.19 63.18 28.78 29.04 61.41 141.94 143.47 38.47 47.68 53.35 46.33 33.96 35.17 66.15 135.45 143.77 52.84 41.76 36.07 51.82 73.55 74.87 45.41
109.01 108.61 42.78 48.19 48.19 131.40 93.88 130.49 101.19 136.29 136.94 0.00 31.17 118.90 132.91 160.77 95.06 122.18 122.93 106.22 96.43 96.18 87.98 41.34 114.74 86.91 114.74 122.11 141.35 139.00 69.83 80.89 81.78 20.68 61.61 163.31 105.27 75.36 49.67 114.20 124.68 16.80 55.25 21.64 9.63 15.93 12.44 78.05 76.94 65.33 55.70 43.43 76.18 66.67 68.50 66.46 28.28 12.98 64.67 81.89 55.05 87.61 38.44 44.97 52.91 77.47 53.39 42.47 135.23 152.08 86.27 58.94 49.60 45.82 64.59 61.97 74.06 81.29 42.67 37.08 44.81 112.59 81.23 68.54 66.38 104.37 113.21 68.45 69.00 81.36 83.53 85.79 41.11 82.38 72.41 86.25 42.95 49.52 61.86 109.63 95.65 16.42 168.68 169.46 168.88 85.42 86.13 87.92 115.21 68.66 85.46 173.35 189.13 178.12 181.79 89.59 88.08 63.23 82.20 61.88 159.68 172.03 163.16 167.07 56.64 67.11 95.15 72.13 100.29 146.66 150.97 101.80 81.85 66.77 170.43 181.82 180.63 179.07 158.42 161.49 101.52 3.74 6.84 179.15 178.62 172.14 167.05 72.28 63.70 101.57
84.29 79.25 71.40 77.13 77.13 109.52 76.28 108.14 81.55 109.92 114.58 31.17 0.00 90.61 103.77 141.88 75.87 103.25 111.90 88.93 70.79 69.23 92.41 26.23 105.47 62.85 105.47 114.62 124.94 116.21 57.05 64.98 65.56 35.49 37.61 141.65 100.78 78.59 49.38 95.88 105.10 24.79 31.59 51.04 26.63 46.96 28.65 101.49 87.29 90.66 71.82 55.96 48.17 38.40 53.20 92.70 57.09 18.19 79.46 60.51 26.50 91.82 13.41 14.15 46.13 58.71 32.52 56.72 113.73 133.98 80.24 29.66 33.73 31.71 64.81 64.23 72.11 82.73 31.50 26.63 26.75 85.85 58.64 43.72 91.51 103.51 108.62 40.53 39.84 67.82 69.39 71.07 58.99 69.41 62.93 72.21 62.46 66.78 36.56 105.63 88.73 36.87 151.31 152.31 152.63 109.02 110.11 109.87 109.30 87.00 103.86 153.83 170.27 158.68 162.09 86.35 81.65 43.52 76.47 43.39 133.20 145.79 134.66 138.85 29.50 50.53 82.38 84.41 91.45 129.04 132.88 92.50 99.42 87.07 150.68 161.41 162.63 159.21 140.27 143.04 93.73 32.35 36.96 161.39 156.19 150.58 138.99 44.03 49.19 86.61
23.54 13.97 149.11 154.71 154.71 42.90 53.56 40.15 45.93 23.45 43.75 118.90 90.61 0.00 15.69 76.35 48.17 52.50 84.51 55.00 26.54 23.73 116.75 80.59 86.98 37.42 86.98 97.00 73.34 42.98 70.24 60.56 59.57 110.83 58.45 66.51 98.62 107.78 94.71 52.52 50.63 115.36 64.44 140.33 116.81 132.87 110.53 163.29 126.64 158.50 128.42 115.08 42.77 52.43 65.68 162.10 146.77 107.02 130.61 46.79 64.33 115.92 80.53 76.91 84.36 54.94 67.74 117.78 46.88 73.29 87.16 60.95 74.58 78.44 97.49 101.20 94.71 105.59 82.69 86.18 76.32 12.11 44.55 51.55 158.79 109.64 102.24 50.52 50.78 66.55 64.75 62.93 123.89 67.93 76.96 64.79 128.16 127.33 57.48 102.33 87.24 115.81 88.96 90.49 93.77 169.80 171.61 166.76 98.83 142.07 154.33 83.84 100.02 88.20 90.27 95.94 86.48 61.48 87.03 63.95 44.41 57.03 44.25 48.28 62.28 63.98 69.05 128.82 82.76 71.59 72.57 81.73 149.30 145.85 80.46 87.42 96.17 87.30 77.71 78.81 86.53 118.56 125.56 95.90 76.62 74.38 48.38 46.78 68.98 62.72
37.82 24.52 164.30 169.93 169.93 50.73 68.40 48.00 60.22 24.41 49.78 132.91 103.77 15.69 0.00 80.45 63.06 63.29 96.47 68.47 42.23 39.16 131.94 95.54 99.93 53.10 99.93 109.56 81.65 48.10 85.91 76.06 75.05 125.78 73.37 67.69 112.66 123.27 110.35 64.80 60.81 128.32 79.18 154.15 130.25 147.25 125.04 178.97 142.20 174.10 144.10 130.67 56.85 66.24 81.37 177.67 160.48 120.73 146.29 62.47 77.94 131.12 94.47 89.79 99.99 70.62 82.76 133.35 53.91 79.18 102.20 74.26 89.84 93.64 113.14 116.88 110.19 120.91 97.91 101.18 91.23 27.01 60.23 66.58 174.40 123.97 115.77 64.51 64.08 81.94 80.06 78.15 139.41 83.26 92.54 79.96 143.69 142.96 72.16 116.13 101.76 130.62 93.19 94.78 98.73 185.50 187.30 182.44 112.09 157.77 169.97 85.82 101.02 89.73 91.18 110.87 101.43 76.96 102.25 79.46 37.85 49.55 31.46 36.15 76.35 79.66 83.57 144.45 96.91 78.56 78.63 95.76 164.95 161.54 82.59 87.62 98.68 88.34 82.67 83.15 100.63 132.77 139.47 98.74 74.85 74.44 36.68 60.66 84.65 76.69
63.45 88.63 174.29 178.67 178.67 35.41 66.91 37.78 60.39 56.06 32.83 160.77 141.88 76.35 80.45 0.00 66.27 38.79 51.32 54.58 76.51 81.48 109.28 120.08 61.03 80.65 61.03 63.56 22.80 33.37 91.47 79.91 79.00 144.47 104.43 17.81 79.17 109.27 116.69 46.60 36.78 164.67 110.29 181.49 163.03 169.93 149.04 170.68 126.75 172.39 141.46 135.40 99.98 107.99 92.27 176.67 188.15 152.58 138.54 81.38 117.90 108.70 128.67 131.74 109.56 83.87 109.82 138.37 30.87 9.52 85.31 116.78 111.57 115.14 108.33 112.79 99.71 103.29 118.10 123.77 117.37 69.70 83.52 98.99 172.10 90.47 76.21 105.64 109.21 80.23 77.87 75.43 145.01 79.62 91.14 75.33 148.42 143.85 105.97 79.17 77.77 150.40 12.75 14.33 18.58 174.89 176.97 169.04 71.23 149.28 154.14 12.95 28.46 17.49 21.35 89.14 83.42 98.93 88.44 99.70 53.95 54.29 74.43 72.26 113.72 93.76 68.31 132.08 70.77 15.33 10.54 68.77 150.03 155.02 10.74 22.74 21.15 18.95 4.84 2.87 72.32 158.77 167.45 20.31 29.02 20.26 70.54 103.66 97.08 60.30
25.36 50.11 114.08 119.13 119.13 37.09 5.40 36.71 6.17 51.55 42.93 95.06 75.87 48.17 63.06 66.27 0.00 27.49 44.05 14.02 25.28 31.66 68.99 53.98 42.78 20.32 42.78 53.50 49.40 45.40 28.49 16.19 15.07 80.23 38.93 68.42 51.22 61.24 55.60 20.02 29.69 98.40 44.41 116.19 96.86 105.38 83.73 120.42 80.52 118.05 86.64 76.18 39.95 45.34 27.24 122.04 122.89 86.39 86.94 16.11 53.34 68.18 62.56 66.70 46.54 17.66 43.59 79.15 40.53 58.14 39.16 53.12 45.53 49.24 53.20 57.45 48.34 58.21 52.52 57.99 51.13 36.17 19.32 34.51 118.10 61.74 55.84 43.19 47.81 20.26 17.97 15.67 85.79 21.10 32.24 17.22 89.77 87.06 40.96 55.32 39.21 86.06 75.44 76.45 76.93 126.30 128.23 122.32 53.18 98.55 108.92 78.57 94.73 83.38 86.95 47.82 38.38 32.67 39.43 33.48 72.55 83.36 83.73 85.85 48.85 28.04 21.18 83.60 35.35 53.17 57.04 34.64 104.01 103.15 75.55 86.80 86.83 84.17 64.45 67.29 39.16 93.31 101.84 85.55 83.99 77.18 85.12 42.52 32.03 16.94
31.68 60.91 138.18 142.89 142.89 16.54 28.33 18.21 21.70 42.82 21.85 122.18 103.25 52.50 63.29 38.79 27.49 0.00 33.61 16.68 41.95 47.99 81.30 81.33 38.90 43.46 38.90 47.31 23.78 24.96 53.51 41.55 40.58 106.45 65.98 42.70 54.95 77.64 79.75 8.16 3.70 125.88 71.70 143.08 124.26 131.83 110.59 139.33 96.56 139.06 107.55 99.45 63.55 70.68 53.76 143.23 149.76 113.81 106.07 42.88 79.88 80.57 89.98 93.56 71.83 45.08 71.07 102.45 17.43 30.76 53.04 79.14 72.83 76.44 73.61 78.10 66.22 72.73 79.51 85.12 78.58 41.83 45.33 60.89 138.93 67.08 55.81 68.38 72.42 42.76 40.30 37.74 109.15 42.50 54.45 38.03 112.85 109.07 67.72 57.20 48.00 112.36 48.21 49.29 50.25 144.43 146.45 139.44 51.43 117.41 125.06 51.19 67.25 55.98 59.62 59.35 51.44 60.15 55.25 60.91 57.20 65.39 73.51 74.04 75.56 55.08 33.33 100.95 41.34 26.07 29.66 39.56 120.48 122.68 48.26 59.74 59.38 56.89 37.02 39.82 44.31 120.27 128.90 58.15 58.63 51.07 72.84 66.88 58.59 24.40
61.71 90.74 128.14 131.92 131.92 49.17 40.33 51.31 42.09 76.39 53.37 122.93 111.90 84.51 96.47 51.32 44.05 33.61 0.00 31.32 67.80 74.35 58.28 86.37 10.04 64.37 10.04 14.08 28.78 56.40 54.99 47.76 47.46 103.96 78.86 64.41 27.91 60.00 74.25 31.99 36.69 130.84 82.90 141.75 127.46 128.91 110.53 120.24 76.25 123.11 93.18 89.98 83.69 87.91 58.77 127.43 148.12 117.66 89.10 58.75 93.83 57.74 98.70 105.82 70.09 55.91 80.13 92.80 48.38 42.08 38.30 94.60 78.28 80.84 62.33 66.47 52.73 53.53 82.42 88.24 85.18 72.95 62.53 76.28 122.70 39.19 25.24 85.96 90.90 44.09 42.69 41.33 99.11 42.49 50.66 39.92 101.98 96.47 81.59 27.93 29.25 109.77 53.03 53.15 50.51 124.08 126.16 118.01 20.29 99.30 103.05 63.53 75.14 67.23 71.22 39.58 36.33 69.72 42.15 69.14 88.83 95.13 106.44 106.52 89.18 61.67 29.58 81.93 23.15 36.63 41.24 21.40 99.09 105.24 61.95 73.70 65.24 69.43 46.96 50.32 23.15 120.22 129.07 63.30 79.20 70.43 105.19 85.88 62.71 27.67
31.54 59.82 121.51 126.25 126.25 30.85 12.67 31.52 10.79 52.27 36.73 106.22 88.93 55.00 68.47 54.58 14.02 16.68 31.32 0.00 36.48 43.03 67.42 65.83 32.10 33.80 32.10 42.43 36.01 39.67 37.00 25.34 24.45 90.02 52.57 59.36 44.37 62.31 63.08 8.56 19.90 110.77 57.78 126.91 108.75 115.45 94.46 123.60 81.50 122.82 91.26 82.81 53.79 59.36 37.73 126.95 133.57 98.37 90.18 30.07 67.17 66.65 75.54 80.36 55.26 30.22 56.43 85.81 33.07 45.88 38.04 67.09 57.29 60.74 57.27 61.75 50.35 57.94 63.58 69.29 63.40 43.02 33.34 48.45 122.72 56.02 47.33 57.21 61.81 26.10 23.64 21.10 92.52 25.83 37.79 21.35 96.24 92.59 54.75 47.68 34.72 95.94 62.76 63.65 63.72 128.93 130.93 124.24 43.83 101.63 110.13 67.28 82.91 72.00 75.74 45.36 36.66 45.42 39.73 45.81 70.36 79.80 84.45 85.77 62.64 39.41 17.79 85.52 28.96 40.55 44.76 27.59 105.42 106.74 64.47 76.14 74.51 73.09 52.22 55.27 32.53 104.19 112.89 73.10 75.28 67.75 84.77 56.48 42.52 9.05
13.83 25.12 123.74 129.24 129.24 41.45 30.44 39.47 25.74 39.88 45.57 96.43 70.79 26.54 42.23 76.51 25.28 41.95 67.80 36.48 0.00 6.55 91.41 56.26 67.72 10.96 67.72 78.35 65.69 46.64 43.77 34.73 33.82 86.18 34.81 72.59 76.34 81.76 68.31 37.95 41.99 95.37 41.18 118.07 95.69 109.41 86.94 136.76 100.41 132.18 101.92 88.82 24.08 33.18 39.14 135.83 124.67 85.43 104.07 20.27 44.57 90.59 59.00 58.41 57.99 28.46 43.46 91.57 45.98 70.48 62.43 42.35 49.42 53.38 71.05 74.71 68.72 80.01 57.55 61.62 52.21 16.76 18.08 27.90 132.44 86.48 81.12 30.85 33.47 41.03 39.51 38.05 97.78 42.61 50.76 40.05 102.03 100.95 34.78 80.53 63.92 91.46 87.88 89.18 91.05 143.27 145.07 140.23 78.43 115.53 127.90 87.01 103.81 91.81 94.77 71.43 62.01 35.75 61.81 38.06 63.26 75.62 68.67 71.98 41.29 37.50 46.25 102.40 60.54 66.86 69.49 59.89 122.87 119.33 83.67 93.25 97.64 91.78 76.21 78.33 64.34 95.60 103.23 96.81 86.23 81.43 71.71 28.10 42.51 41.94
18.04 19.49 125.40 130.99 130.99 46.14 36.73 43.96 32.29 40.69 49.79 96.18 69.23 23.73 39.16 81.48 31.66 47.99 74.35 43.03 6.55 0.00 96.64 57.04 74.22 14.87 74.22 84.87 71.63 50.54 48.01 39.95 39.12 87.24 35.00 76.47 82.52 86.53 71.33 44.33 47.80 93.98 41.16 117.75 94.79 109.72 87.29 140.13 104.89 134.97 105.19 91.53 21.26 30.92 42.93 138.52 124.28 84.71 107.80 24.67 42.74 95.81 58.13 56.22 60.95 32.86 44.16 94.20 50.69 75.84 68.04 39.99 50.86 54.73 75.26 78.73 73.56 85.12 58.98 62.58 52.82 16.63 21.73 28.04 135.28 92.47 87.45 28.72 30.41 46.39 45.05 43.76 100.25 48.07 55.45 45.80 104.52 103.88 34.35 86.78 69.95 92.31 93.11 94.45 96.53 146.77 148.54 144.01 84.84 119.16 132.02 91.55 108.34 96.31 99.13 77.08 67.72 37.80 67.20 40.30 63.99 76.57 67.42 71.08 40.00 40.88 52.47 106.59 66.78 72.46 74.88 66.19 126.97 122.72 88.18 97.36 102.53 96.12 81.43 83.41 70.57 95.61 102.92 101.79 89.52 85.21 70.98 25.43 45.82 48.42
94.35 116.13 77.13 79.61 79.61 97.47 63.75 98.55 72.67 119.23 103.08 87.98 92.41 116.75 131.94 109.28 68.99 81.30 58.28 67.42 91.41 96.64 0.00 68.28 48.34 81.88 48.34 48.75 86.50 106.16 50.23 56.71 57.60 67.38 77.18 120.68 30.52 13.84 43.03 74.69 84.99 101.52 76.72 101.15 95.75 87.40 76.53 62.21 18.70 66.66 40.39 45.30 92.26 90.11 56.32 70.94 106.47 88.74 33.64 72.14 88.45 0.83 82.75 94.12 48.24 64.20 71.54 47.10 98.72 99.86 29.93 91.63 64.42 63.97 28.03 28.19 24.10 11.74 62.26 66.08 70.23 104.94 75.58 79.81 66.06 21.57 35.75 89.42 94.32 50.39 52.04 53.81 51.49 48.88 41.87 51.98 52.68 45.59 80.42 31.99 33.30 71.78 111.20 111.23 108.17 65.81 67.89 59.77 40.17 42.16 44.86 121.71 133.27 125.50 129.49 22.08 30.99 67.16 29.71 64.76 137.70 146.62 151.57 153.10 84.75 59.49 49.86 25.07 40.10 94.18 98.94 41.99 40.81 48.34 119.99 131.85 123.28 127.65 105.08 108.46 37.61 84.41 92.28 121.30 136.17 127.59 152.15 91.78 55.88 58.37
68.19 72.25 68.94 74.66 74.66 90.08 53.26 89.16 60.05 96.01 95.61 41.34 26.23 80.59 95.54 120.08 53.98 81.33 86.37 65.83 56.26 57.04 68.28 0.00 79.55 46.15 79.55 88.51 101.57 97.67 31.39 40.79 41.55 30.25 22.17 122.03 74.57 54.49 26.18 73.49 83.67 45.10 16.59 62.80 42.95 53.25 30.84 89.80 66.24 81.84 56.10 40.13 39.51 31.68 28.43 84.87 69.49 32.54 61.91 40.58 23.74 67.62 14.58 25.90 20.44 36.32 12.88 42.07 93.93 111.64 54.02 27.94 8.54 5.56 40.26 40.59 46.57 57.84 6.05 5.70 4.37 72.87 40.11 29.04 82.40 77.69 82.40 32.60 35.41 42.61 44.44 46.39 46.85 44.03 36.75 47.26 51.06 52.69 23.59 79.43 62.51 35.28 128.58 129.46 129.29 97.09 98.56 96.21 83.08 71.56 87.39 132.51 148.52 137.31 140.91 60.32 55.42 21.90 50.28 20.58 119.30 131.45 124.44 128.01 22.10 26.42 57.11 64.73 65.39 106.38 110.52 66.51 82.53 73.32 129.52 140.77 140.32 138.14 117.98 120.95 67.58 39.95 48.17 138.92 137.29 130.88 127.82 36.42 23.94 62.24
63.60 91.78 118.44 122.14 122.14 55.24 38.24 57.09 42.23 81.40 60.00 114.74 105.47 86.98 99.93 61.03 42.78 38.90 10.04 32.10 67.72 74.22 48.34 79.55 0.00 62.75 0.00 10.73 38.31 63.11 48.44 43.03 42.95 95.37 74.22 73.42 18.18 50.03 65.55 35.27 42.36 123.39 77.68 133.08 119.68 120.07 102.30 110.21 66.22 113.09 83.26 80.52 81.06 84.26 52.91 117.40 139.37 110.11 79.08 55.90 89.09 47.79 92.50 100.39 62.19 51.80 74.44 83.29 55.13 51.68 29.06 90.27 71.74 73.99 52.96 56.99 43.23 43.52 75.21 80.95 78.74 75.06 59.85 72.45 112.67 29.90 17.02 82.47 87.56 38.36 37.41 36.57 89.53 36.54 43.08 34.85 92.30 86.67 77.14 18.97 19.75 101.11 63.07 63.19 60.52 114.11 116.19 108.10 12.53 89.25 93.16 73.38 85.18 77.17 81.16 29.63 27.12 64.52 33.03 63.61 95.65 102.75 112.41 112.87 84.45 56.05 24.61 71.89 14.46 46.10 50.79 13.09 89.14 95.20 71.72 83.54 75.28 79.32 56.76 60.14 13.60 111.90 120.73 73.34 88.51 79.80 111.62 82.83 56.42 25.85
22.10 34.30 112.99 118.46 118.46 46.89 24.52 45.38 23.37 49.93 51.79 86.91 62.85 37.42 53.10 80.65 20.32 43.46 64.37 33.80 10.96 14.87 81.88 46.15 62.75 0.00 62.75 73.49 67.00 53.36 33.20 25.31 24.55 75.75 25.62 78.92 69.18 71.66 57.35 37.69 44.41 87.00 32.00 108.54 86.79 99.41 76.97 125.87 90.05 121.23 91.00 77.86 20.26 27.37 28.32 124.88 115.19 76.40 93.28 9.80 37.51 81.05 50.38 51.47 47.03 18.00 33.56 80.62 51.23 73.66 53.63 36.14 38.93 42.92 60.48 64.03 58.70 70.31 47.02 51.35 42.26 27.59 7.13 19.13 121.48 78.58 74.66 25.03 28.96 31.83 30.69 29.67 86.85 33.59 40.58 31.75 91.09 90.00 26.29 73.65 56.24 81.14 91.22 92.41 93.67 132.41 134.20 129.47 72.48 104.71 117.30 91.97 108.66 96.82 100.04 62.70 53.43 25.06 52.58 27.27 73.16 85.30 79.48 82.67 33.62 26.56 39.51 91.83 53.76 69.40 72.61 53.41 112.25 108.44 88.72 99.01 101.75 97.10 79.72 82.16 57.48 85.88 93.74 100.73 93.35 87.84 82.35 23.43 31.57 37.08
63.60 91.78 118.44 122.14 122.14 55.24 38.24 57.09 42.23 81.40 60.00 114.74 105.47 86.98 99.93 61.03 42.78 38.90 10.04 32.10 67.72 74.22 48.34 79.55 0.00 62.75 0.00 10.73 38.31 63.11 48.44 43.03 42.95 95.37 74.22 73.42 18.18 50.03 65.55 35.27 42.36 123.39 77.68 133.08 119.68 120.07 102.30 110.21 66.22 113.09 83.26 80.52 81.06 84.26 52.91 117.40 139.37 110.11 79.08 55.90 89.09 47.79 92.50 100.39 62.19 51.80 74.44 83.29 55.13 51.68 29.06 90.27 71.74 73.99 52.96 56.99 43.23 43.52 75.21 80.95 78.74 75.06 59.85 72.45 112.67 29.90 17.02 82.47 87.56 38.36 37.41 36.57 89.53 36.54 43.08 34.85 92.30 86.67 77.14 18.97 19.75 101.11 63.07 63.19 60.52 114.11 116.19 108.10 12.53 89.25 93.16 73.38 85.18 77.17 81.16 29.63 27.12 64.52 33.03 63.61 95.65 102.75 112.41 112.87 84.45 56.05 24.61 71.89 14.46 46.10 50.79 13.09 89.14 95.20 71.72 83.54 75.28 79.32 56.76 60.14 13.60 111.90 120.73 73.34 88.51 79.80 111.62 82.83 56.42 25.85
73.78 102.24 122.59 125.91 125.91 63.15 48.97 65.23 52.77 90.13 67.44 122.11 114.62 97.00 109.56 63.56 53.50 47.31 14.08 42.43 78.35 84.87 48.75 88.51 10.73 73.49 10.73 0.00 41.73 70.48 57.86 53.36 53.34 102.26 84.42 77.71 18.88 53.29 72.50 44.76 50.53 131.61 87.63 139.68 127.56 126.40 109.68 110.90 67.34 115.10 86.53 85.68 91.73 94.73 62.68 119.41 145.82 118.26 81.37 66.57 99.20 48.35 101.85 110.17 70.28 62.25 84.17 88.31 62.46 54.68 35.85 100.53 80.97 82.97 58.70 62.36 48.85 46.47 83.86 89.50 87.99 85.19 70.53 82.90 114.57 27.90 13.20 92.99 98.10 48.35 47.60 46.95 94.24 46.47 51.77 45.15 96.66 90.53 87.40 16.79 26.53 107.85 63.45 63.29 59.83 114.17 116.24 107.71 8.58 90.77 92.71 75.17 85.26 78.49 82.42 33.81 34.07 74.53 39.91 73.48 102.91 109.13 120.45 120.59 94.59 65.93 35.08 73.46 23.22 49.55 53.94 22.39 89.08 96.89 73.94 85.36 75.21 80.91 58.97 62.22 20.97 119.11 127.88 73.17 92.06 83.23 119.26 93.43 65.92 36.56
54.72 83.30 152.44 156.67 156.67 30.95 48.67 33.70 44.31 58.31 32.46 141.35 124.94 73.34 81.65 22.80 49.40 23.78 28.78 36.01 65.69 71.63 86.50 101.57 38.31 67.00 38.31 41.73 0.00 34.85 71.53 60.80 60.03 124.11 88.33 36.01 56.49 86.60 95.55 29.58 23.91 146.62 93.70 161.58 144.37 149.55 129.33 147.91 103.96 149.80 119.03 113.62 87.19 93.99 73.22 154.09 168.17 134.06 115.88 65.42 102.67 85.91 111.55 116.11 89.15 66.23 92.44 116.56 27.87 13.37 62.88 102.23 93.04 96.36 86.27 90.68 77.39 80.55 98.94 104.74 99.31 63.87 68.25 83.74 149.48 67.96 53.93 91.73 95.93 60.04 57.83 55.57 123.14 59.14 70.15 55.12 126.43 121.62 90.33 56.71 55.08 130.04 27.48 28.15 27.74 152.09 154.17 146.25 48.96 126.55 131.36 35.45 48.97 39.57 43.56 66.39 60.96 81.43 66.16 81.78 64.92 69.14 84.29 83.40 98.23 75.18 47.00 109.32 48.12 7.86 12.48 46.13 127.24 132.32 33.53 45.48 39.71 41.46 18.81 22.21 49.56 139.11 147.91 38.06 50.45 41.66 81.87 90.42 77.90 39.80
32.84 55.45 159.43 164.42 164.42 8.82 48.48 8.69 39.36 23.93 3.12 139.00 116.21 42.98 48.10 33.37 45.40 24.96 56.40 39.67 46.64 50.54 106.16 97.67 63.11 53.36 63.11 70.48 34.85 0.00 73.80 61.45 60.35 125.33 78.81 25.97 79.77 101.92 100.86 31.64 21.27 140.25 85.10 160.45 139.70 150.22 128.19 163.26 121.02 162.21 130.64 121.24 70.72 79.64 72.52 166.30 167.15 129.23 129.82 57.11 90.62 105.42 103.62 104.58 91.94 62.11 85.88 124.23 8.02 31.09 77.46 88.76 89.56 93.46 96.68 101.12 90.02 97.30 97.08 102.25 94.25 36.98 58.05 72.49 162.16 91.91 80.13 77.29 80.11 64.34 61.84 59.27 130.92 64.54 76.47 60.07 134.81 131.64 79.65 81.78 72.89 131.10 46.01 47.55 51.04 168.59 170.60 163.83 75.54 141.29 149.61 41.59 58.23 46.20 48.78 84.14 75.96 75.77 79.36 77.22 32.55 40.47 50.31 50.14 86.92 72.92 57.35 125.16 66.28 30.68 30.53 64.51 144.96 146.37 38.19 46.82 53.46 45.77 34.92 35.85 69.27 137.57 145.83 53.07 39.99 34.79 48.79 74.71 77.24 48.40
50.70 67.25 85.62 90.65 90.65 65.34 25.55 65.13 34.45 78.68 71.24 69.83 57.05 70.24 85.91 91.47 28.49 53.51 54.99 37.00 43.77 48.01 50.23 31.39 48.44 33.20 48.44 57.86 71.53 73.80 0.00 12.35 13.45 53.02 28.76 95.92 46.05 38.87 27.12 45.37 56.43 76.15 30.51 90.13 73.26 78.47 57.80 93.55 56.89 90.16 59.06 47.76 42.13 41.11 6.21 94.05 96.76 63.16 60.48 23.51 42.53 49.42 44.06 52.45 18.34 15.30 26.50 50.72 68.51 82.55 26.11 44.67 23.34 25.87 27.29 30.97 26.27 38.48 27.76 33.62 30.31 59.41 26.31 30.00 90.28 52.06 53.41 40.05 45.16 11.54 13.71 16.06 57.34 12.73 8.56 16.42 61.36 58.96 32.02 51.00 32.97 58.95 98.91 99.66 99.05 99.84 101.69 96.56 53.27 72.03 84.14 104.24 119.65 108.93 112.70 34.42 26.91 18.26 23.36 16.47 100.56 111.66 110.20 112.80 38.12 9.63 25.79 58.65 34.64 77.02 81.43 35.55 79.10 76.12 101.46 113.14 110.94 110.08 88.87 92.00 37.26 67.58 76.37 109.42 111.71 104.48 112.21 41.99 8.08 31.74
39.57 59.44 97.98 102.99 102.99 53.00 13.32 52.78 22.10 67.06 58.89 80.89 64.98 60.56 76.06 79.91 16.19 41.55 47.76 25.34 34.73 39.95 56.71 40.79 43.03 25.31 43.03 53.36 60.80 61.45 12.35 0.00 1.13 64.92 31.24 83.73 45.39 47.22 39.44 33.46 44.34 85.87 35.15 101.60 83.59 90.28 69.13 104.78 66.16 102.01 70.69 59.99 39.57 41.47 12.43 105.96 108.27 73.26 71.41 15.83 46.17 55.89 51.61 58.09 30.60 9.15 32.66 62.96 56.20 71.20 28.40 47.24 32.27 35.56 37.70 41.79 34.14 45.28 38.27 44.01 38.71 49.15 19.64 29.62 102.08 53.84 51.75 39.82 44.99 6.56 6.00 6.48 69.61 8.43 16.69 8.21 73.59 70.94 34.12 50.13 32.05 70.82 87.92 88.76 88.51 110.84 112.74 107.16 50.46 83.02 94.18 92.57 108.24 97.31 101.02 37.47 28.34 22.00 27.27 21.65 88.57 99.50 98.93 101.32 41.53 14.51 18.47 68.69 31.11 65.81 70.08 31.34 89.19 87.43 89.72 101.29 99.78 98.35 77.54 80.60 34.52 78.86 87.55 98.33 99.48 92.35 100.66 40.66 17.20 21.64
38.49 58.60 99.08 104.09 104.09 51.91 12.30 51.68 21.00 65.94 57.80 81.78 65.56 59.57 75.05 79.00 15.07 40.58 47.46 24.45 33.82 39.12 57.60 41.55 42.95 24.55 42.95 53.34 60.03 60.35 13.45 1.13 0.00 65.92 31.44 82.70 45.77 48.22 40.55 32.51 43.34 86.61 35.51 102.54 84.39 91.26 70.06 105.89 67.20 103.14 71.81 61.11 39.25 41.41 13.28 107.09 109.20 74.05 72.52 15.19 46.40 56.77 52.17 58.46 31.67 8.96 33.16 64.08 55.13 70.33 29.09 47.37 33.02 36.36 38.80 42.90 35.15 46.20 39.13 44.85 39.39 48.12 19.06 29.56 103.21 54.39 52.02 39.72 44.87 7.29 6.37 6.39 70.73 9.06 17.78 8.28 74.71 72.07 34.26 50.47 32.47 71.81 87.10 87.95 87.75 111.95 113.85 108.25 50.62 84.13 95.24 91.64 107.35 96.38 100.09 38.17 28.97 22.41 28.08 22.18 87.44 98.38 97.82 100.20 41.75 15.19 18.34 69.76 31.29 64.96 69.21 31.45 90.26 88.54 88.78 100.32 98.93 97.41 76.67 79.71 34.75 79.77 88.45 97.49 98.44 91.33 99.55 40.45 18.08 21.05
97.52 102.35 39.10 44.89 44.89 117.26 78.22 116.67 86.39 125.66 123.02 20.68 35.49 110.83 125.78 144.47 80.23 106.45 103.96 90.02 86.18 87.24 67.38 30.25 95.37 75.75 95.37 102.26 124.11 125.33 53.02 64.92 65.92 0.00 52.41 148.56 85.02 54.68 29.83 98.33 109.25 34.80 46.67 37.80 28.54 25.47 9.50 66.00 57.21 55.49 37.85 23.60 69.47 60.99 53.00 57.82 44.24 23.38 46.33 69.05 50.99 67.00 35.14 45.77 34.97 63.24 43.09 23.27 120.76 135.48 66.54 55.31 36.82 32.83 44.16 41.37 53.78 60.62 28.76 24.66 34.55 102.88 69.27 59.28 56.28 83.75 92.92 62.22 64.29 64.26 66.60 69.04 23.97 65.01 54.13 69.18 27.13 32.19 53.71 89.29 75.97 5.94 151.57 152.25 151.29 73.53 74.64 74.49 95.12 52.37 69.38 157.25 172.57 161.94 165.71 69.30 68.41 50.77 62.49 48.81 148.80 160.75 154.60 158.09 50.85 52.41 77.26 52.92 81.01 129.90 134.37 82.63 65.23 51.87 154.48 166.14 163.72 163.10 141.78 144.95 81.96 17.25 25.75 162.14 164.21 157.23 157.87 66.12 48.20 84.41
47.59 50.27 91.01 96.69 96.69 71.94 40.21 70.63 44.32 74.69 77.09 61.61 37.61 58.45 73.37 104.43 38.93 65.98 78.86 52.57 34.81 35.00 77.18 22.17 74.22 25.62 74.22 84.42 88.33 78.81 28.76 31.24 31.44 52.41 0.00 104.09 74.48 64.42 41.38 58.89 67.66 61.45 6.40 83.25 61.18 74.77 52.32 109.42 80.02 102.63 74.76 59.66 18.06 12.98 22.77 105.89 89.86 50.81 79.11 23.09 14.97 76.40 24.81 27.80 31.67 23.05 9.45 62.02 76.13 96.73 54.85 16.17 17.29 20.71 50.66 52.79 53.20 65.60 24.95 27.81 17.88 51.13 21.03 6.98 103.08 80.81 81.56 12.65 17.23 36.13 36.83 37.72 67.51 38.07 37.12 39.38 71.79 72.33 3.28 79.40 61.18 57.36 114.17 115.22 115.84 116.48 118.09 114.78 80.89 89.76 104.44 116.27 132.77 121.12 124.50 63.13 55.58 10.50 52.09 12.55 98.07 110.42 102.41 106.07 10.32 19.27 49.71 80.02 61.66 91.95 95.64 62.16 99.42 92.38 113.11 123.80 125.29 121.62 102.97 105.67 64.76 60.82 68.42 124.11 118.78 113.02 105.94 15.84 21.57 51.82
58.80 79.85 180.87 185.59 185.59 32.16 70.42 33.54 62.26 44.03 27.16 163.31 141.65 66.51 67.69 17.81 68.42 42.70 64.41 59.36 72.59 76.47 120.68 122.03 73.42 78.92 73.42 77.71 36.01 25.97 95.92 83.73 82.70 148.56 104.09 0.00 91.51 118.94 122.41 50.82 39.54 165.42 110.30 184.57 164.54 173.78 152.12 180.78 137.28 181.26 149.86 142.14 96.67 105.51 95.57 185.48 191.26 154.05 147.88 81.78 116.35 120.03 128.86 130.32 114.26 85.87 110.70 145.14 28.11 23.86 94.40 114.60 113.71 117.52 116.05 120.55 108.22 113.46 120.91 126.30 118.84 62.32 83.13 97.97 181.08 103.31 89.66 103.15 106.05 85.41 82.93 80.36 151.84 85.19 97.15 80.72 155.52 151.61 105.12 92.22 87.94 154.42 28.61 30.19 35.31 185.48 187.54 180.05 84.70 159.01 165.35 18.25 33.59 22.05 23.78 99.50 92.63 100.24 97.04 101.45 37.15 36.50 57.59 55.05 112.54 96.45 75.56 142.15 80.92 28.29 24.33 78.95 161.00 164.49 15.19 21.09 31.24 20.84 22.29 20.55 83.09 161.67 170.12 31.56 15.95 8.93 53.29 100.64 100.39 66.81
75.13 101.32 103.78 107.05 107.05 71.50 45.93 73.05 52.70 96.20 76.65 105.27 100.78 98.62 112.66 79.17 51.22 54.95 27.91 44.37 76.34 82.52 30.52 74.57 18.18 69.18 18.18 18.88 56.49 79.77 46.05 45.39 45.77 85.02 74.48 91.51 0.00 34.44 55.66 49.81 58.59 115.85 76.56 122.01 111.33 108.57 92.92 92.69 48.84 96.38 67.65 67.29 84.96 86.13 51.77 100.69 128.02 102.49 62.56 60.66 88.58 30.03 88.64 98.10 55.05 54.51 72.39 69.84 71.93 69.85 20.57 90.58 67.82 69.18 40.95 44.27 31.24 27.60 69.37 74.71 74.76 86.52 64.64 74.41 95.88 12.15 7.98 84.70 89.91 39.21 39.41 39.79 75.63 37.21 38.48 37.72 77.93 71.71 77.68 4.95 13.41 90.44 80.70 80.71 77.68 96.31 98.39 90.14 10.56 72.17 75.17 91.43 102.75 95.12 99.11 15.73 19.33 64.07 24.31 62.48 112.16 119.91 127.96 128.81 84.13 55.24 30.09 54.81 15.90 64.28 68.97 16.91 71.27 78.25 89.83 101.61 92.77 97.33 74.85 78.22 12.11 102.12 110.76 90.78 106.67 97.97 127.66 85.89 53.98 35.98
86.30 105.92 69.35 72.63 72.63 93.11 56.33 93.83 65.73 112.58 98.93 75.36 78.59 107.78 123.27 109.27 61.24 77.64 60.00 62.31 81.76 86.53 13.84 54.49 50.03 71.66 50.03 53.29 86.60 101.92 38.87 47.22 48.22 54.68 64.42 118.94 34.44 0.00 29.21 70.31 81.27 88.32 63.53 89.83 82.77 76.13 63.60 61.85 19.33 63.26 33.34 33.97 80.24 77.41 44.68 67.56 95.47 75.38 29.28 61.85 75.09 13.23 68.94 80.36 34.61 53.68 58.27 36.22 94.95 99.75 24.63 78.40 50.92 50.28 14.32 14.39 13.08 6.86 48.47 52.23 56.55 96.31 65.00 67.58 62.91 29.79 41.50 76.86 81.64 41.41 43.44 45.59 41.57 40.25 31.08 44.04 43.61 37.27 67.62 37.60 31.52 59.44 112.75 112.97 110.51 66.78 68.81 61.93 44.98 40.11 47.93 122.05 134.85 126.15 130.14 20.43 26.33 54.72 22.59 52.21 132.40 142.11 144.89 146.82 71.53 47.61 44.57 23.31 38.50 93.95 98.75 40.50 43.15 45.75 120.00 132.01 125.05 128.06 105.41 108.81 37.20 71.88 80.04 123.15 134.75 126.43 145.99 79.45 43.58 53.52
77.01 89.42 58.61 63.56 63.56 92.33 52.44 92.19 61.53 105.28 98.25 49.67 49.38 94.71 110.35 116.69 55.60 79.75 74.25 63.08 68.31 71.33 43.03 26.18 65.55 57.35 65.55 72.50 95.55 100.86 27.12 39.44 40.55 29.83 41.38 122.41 55.66 29.21 0.00 71.61 82.88 60.60 38.49 67.54 55.75 54.68 37.28 68.90 40.15 63.91 33.94 20.79 59.14 53.82 29.73 67.63 73.87 47.32 37.72 48.53 48.78 42.44 40.21 51.97 10.38 40.96 33.16 23.69 95.36 107.47 36.72 52.61 24.91 22.99 15.81 14.85 24.60 33.69 20.19 23.20 29.03 84.75 50.23 46.52 64.14 55.76 63.62 53.92 57.99 37.00 39.49 42.06 30.26 37.29 25.54 41.73 34.34 32.65 44.15 60.11 46.14 35.56 123.00 123.58 122.32 75.71 77.41 73.56 65.54 48.52 63.08 129.59 144.39 134.16 138.03 40.05 38.58 34.11 32.67 31.45 127.49 138.72 136.30 139.14 45.99 30.85 48.56 39.13 51.22 101.77 106.37 52.87 58.07 51.57 126.99 138.85 135.26 135.53 113.68 116.94 52.13 46.62 55.37 133.60 138.30 130.82 138.65 57.22 25.83 56.41
29.93 59.24 130.06 134.80 134.80 22.86 20.32 23.86 14.72 46.47 28.63 114.20 95.88 52.52 64.80 46.60 20.02 8.16 31.99 8.56 37.95 44.33 74.69 73.49 35.27 37.69 35.27 44.76 29.58 31.64 45.37 33.46 32.51 98.33 58.89 50.82 49.81 70.31 71.61 0.00 11.35 118.22 64.43 135.04 116.45 123.72 102.56 131.81 89.38 131.25 99.70 91.37 57.94 64.45 45.73 135.40 141.71 106.02 98.46 35.89 73.12 73.95 82.55 86.63 63.67 37.39 63.53 94.37 24.71 38.21 45.82 72.64 64.97 68.54 65.73 70.22 58.59 65.66 71.53 77.18 70.86 41.02 38.67 54.17 131.14 61.79 51.66 62.20 66.50 34.61 32.14 29.59 101.07 34.38 46.35 29.90 104.79 101.11 60.81 52.57 41.55 104.24 55.44 56.43 56.95 137.04 139.05 132.21 47.64 109.86 117.97 59.15 75.03 63.92 67.60 52.63 44.32 52.56 47.78 53.19 63.07 72.02 78.17 79.14 68.70 47.16 25.77 93.58 35.23 33.16 37.10 33.60 113.32 115.05 56.27 67.83 66.91 64.90 44.54 47.47 38.50 112.25 120.91 65.59 66.73 59.23 78.05 61.02 50.56 16.80
30.83 59.70 141.37 146.13 146.13 12.94 31.04 14.75 23.69 39.73 18.16 124.68 105.10 50.63 60.81 36.78 29.69 3.70 36.69 19.90 41.99 47.80 84.99 83.67 42.36 44.41 42.36 50.53 23.91 21.27 56.43 44.34 43.34 109.25 67.66 39.54 58.59 81.27 82.88 11.35 0.00 128.01 73.51 145.69 126.55 134.59 113.20 142.92 100.21 142.54 111.01 102.70 64.29 71.76 56.40 146.70 152.37 116.08 109.63 44.61 81.30 84.27 91.91 95.08 74.77 47.35 73.11 105.71 13.75 29.28 56.68 80.37 75.20 78.88 77.05 81.54 69.76 76.39 82.05 87.60 80.80 40.40 46.81 62.34 142.42 70.72 59.31 69.43 73.31 45.87 43.39 40.82 112.41 45.70 57.68 41.21 116.14 112.45 69.26 60.77 51.70 115.14 46.83 48.00 49.35 148.05 150.07 143.09 54.88 120.99 128.73 48.90 65.19 53.72 57.27 63.04 55.09 62.28 58.84 63.16 53.57 61.69 70.08 70.52 77.06 57.57 36.88 104.57 45.03 25.06 28.21 43.25 124.14 126.23 45.86 57.15 57.65 54.48 35.41 38.02 48.00 122.84 131.43 56.52 55.42 48.05 69.30 67.75 61.24 27.93
108.72 103.80 58.71 63.85 63.85 133.26 98.13 132.03 104.32 134.66 138.49 16.80 24.79 115.36 128.32 164.67 98.40 125.88 130.84 110.77 95.37 93.98 101.52 45.10 123.39 87.00 123.39 131.61 146.62 140.25 76.15 85.87 86.61 34.80 61.45 165.42 115.85 88.32 60.60 118.22 128.01 0.00 55.15 29.04 7.17 30.41 25.32 94.81 92.01 81.94 71.76 58.38 72.96 63.20 73.53 82.91 34.18 13.37 80.59 83.74 51.28 101.08 36.63 38.54 61.34 80.83 54.91 57.84 137.36 156.43 95.97 54.43 53.60 50.45 76.26 74.30 85.15 93.75 48.45 42.61 47.38 110.61 82.30 67.91 83.01 116.32 123.84 65.31 64.58 87.56 89.47 91.47 57.25 88.88 80.33 92.28 59.40 65.70 60.80 120.45 105.12 32.01 173.51 174.42 174.35 102.16 102.83 104.72 125.32 85.19 102.07 176.90 193.13 181.73 185.24 100.47 97.64 65.74 91.96 65.03 157.97 170.55 159.34 163.57 54.11 71.44 101.94 87.60 108.98 151.27 155.32 110.31 98.35 83.48 173.83 184.81 185.13 182.41 162.76 165.66 110.69 20.30 18.37 183.78 180.22 174.34 163.74 68.82 68.99 107.33
