150
0.00 38.82 40.57 84.65 74.22 161.46 160.62 45.88 44.75 21.28 33.43 171.49 166.50 162.48 163.65 158.12 124.47 77.53 35.25 52.37 163.09 174.62 166.93 169.23 149.12 65.77 71.25 78.64 77.23 27.31 27.13 17.41 14.84 31.83 64.88 122.10 125.97 135.90 131.54 79.85 26.88 71.62 50.76 63.46 98.81 95.28 57.52 60.42 76.19 86.44 84.97 85.35 82.12 91.39 76.65 8.10 12.48 156.46 168.44 160.64 71.53 165.26 143.35 69.04 52.38 54.76 64.33 59.93 68.95 55.30 84.39 125.69 62.42 88.05 86.43 34.82 87.57 87.10 52.56 89.15 37.41 46.76 44.78 42.63 39.07 36.79 29.05 33.92 28.47 65.84 81.32 100.80 110.57 103.26 109.96 124.94 98.21 93.84 94.54 113.25 30.14 64.28 2.61 60.78 75.53 97.16 26.89 26.35 26.53 44.95 82.28 41.89 57.27 78.56 90.08 64.76 126.19 55.26 53.00 39.80 38.34 137.57 149.43 18.83 58.88 155.58 154.09 149.48 147.25 108.89 109.37 107.79 115.50 32.66 37.33 57.45 125.17 88.25 139.96 96.15 138.35 131.94 10.13 28.45 120.74 133.96 154.11 99.11 114.65 95.21
38.82 0.00 78.12 109.78 67.26 165.52 164.73 84.69 82.01 21.60 34.88 185.02 177.17 173.14 177.37 170.76 141.33 87.30 74.02 91.16 173.62 184.17 177.12 177.88 161.02 71.03 77.00 85.28 88.15 54.09 46.74 55.25 31.41 54.87 102.17 116.83 121.70 134.37 137.45 77.29 20.16 94.06 38.33 94.95 120.84 118.15 95.77 97.91 104.56 111.64 110.58 110.86 99.18 119.08 70.00 30.85 33.68 154.27 166.07 157.63 69.22 160.54 137.56 60.33 41.68 63.37 77.56 52.12 97.28 74.50 93.48 134.82 69.96 117.59 89.11 43.54 86.81 90.89 40.07 100.23 65.57 70.54 69.41 68.22 64.62 63.31 41.77 63.63 29.52 55.46 75.96 92.32 129.13 111.83 122.46 143.98 111.84 94.13 92.12 135.30 48.65 102.48 36.46 98.80 111.44 119.18 62.72 62.02 62.25 67.70 87.33 45.86 84.05 110.40 112.77 81.85 136.15 80.18 37.81 43.15 35.19 130.95 147.64 38.50 97.70 169.67 164.87 159.60 153.99 103.63 103.57 114.26 130.87 35.95 39.80 94.08 127.63 81.64 157.18 91.36 130.26 137.18 48.94 39.47 129.88 141.78 166.46 117.98 107.53 98.08
40.57 78.12 0.00 58.61 87.65 152.60 151.76 17.81 4.37 57.44 70.30 151.90 150.24 146.45 144.25 140.18 104.16 73.11 17.24 22.26 147.18 159.17 151.17 155.01 132.55 69.93 73.11 77.48 71.54 49.73 56.69 23.19 47.61 55.39 43.37 126.22 128.67 134.83 122.94 87.88 61.47 52.32 75.48 31.40 74.92 70.75 32.47 39.14 46.80 60.03 58.19 58.67 67.60 60.87 89.24 48.54 51.16 154.51 165.94 159.28 81.41 165.39 146.07 85.29 75.32 59.76 59.93 78.10 41.14 46.97 79.09 114.11 65.34 55.33 87.72 52.14 92.17 87.07 76.68 80.50 27.33 36.47 34.51 32.38 31.98 30.25 47.80 24.77 57.07 84.31 91.69 110.69 89.63 95.06 96.31 102.06 84.91 96.19 99.50 87.77 58.83 37.85 43.17 20.79 35.57 73.49 33.85 34.30 34.15 37.57 81.96 58.45 35.97 43.56 66.56 55.25 113.64 38.14 78.75 58.23 62.69 141.61 147.56 53.76 24.79 136.20 138.43 134.85 136.46 114.54 115.50 101.28 97.83 69.07 72.64 41.05 120.93 98.40 118.06 103.19 143.80 124.04 31.07 49.35 109.66 123.06 136.73 79.20 121.43 94.60
84.65 109.78 58.61 0.00 75.81 99.96 99.17 74.36 55.67 89.28 118.06 93.48 92.88 89.26 85.91 82.31 46.11 42.47 75.82 75.91 90.03 102.01 94.03 98.55 75.42 54.20 51.98 49.26 39.92 104.49 109.12 71.27 81.03 110.27 96.77 90.64 90.86 91.53 72.62 68.18 89.62 16.54 84.60 27.74 16.42 12.19 86.21 93.51 12.74 1.86 1.70 1.53 24.10 12.11 75.56 90.08 97.12 108.38 118.46 113.43 67.30 120.72 106.07 78.44 82.14 53.05 39.65 77.15 17.49 36.11 43.73 61.70 51.16 16.87 58.29 66.97 65.81 55.97 84.45 39.38 47.29 39.52 40.99 42.70 46.43 48.38 68.01 50.74 80.44 80.99 73.84 86.31 31.79 49.69 44.01 43.45 35.46 65.17 71.18 29.43 111.82 89.14 86.80 58.91 44.61 15.11 90.76 91.04 90.95 42.20 52.70 67.33 27.38 24.50 8.96 31.98 60.37 30.02 87.88 69.46 77.87 103.75 102.07 102.88 73.33 77.94 81.62 78.74 83.06 83.27 84.68 56.64 41.59 117.31 121.92 97.28 75.65 77.90 59.48 76.73 107.49 74.32 79.46 70.32 58.25 70.49 79.13 23.07 90.31 59.88
74.22 67.26 87.65 75.81 0.00 99.10 98.33 103.85 88.86 59.24 96.02 124.21 114.21 110.30 117.04 109.71 87.23 35.05 96.82 109.45 110.66 120.20 113.79 113.48 99.74 22.02 23.96 29.07 37.36 101.37 99.13 76.94 59.96 105.37 129.02 49.98 54.64 67.11 72.62 11.75 54.52 60.57 28.99 80.02 78.17 77.61 118.80 124.44 79.00 77.26 77.36 77.33 54.01 87.89 2.74 72.34 81.41 87.07 98.92 90.55 8.51 93.88 71.11 7.04 25.75 28.66 36.97 15.51 74.23 46.64 37.76 72.60 25.99 90.91 26.30 40.02 21.13 28.94 27.20 45.35 60.53 53.85 55.11 56.57 55.98 57.46 45.90 62.89 47.35 12.08 8.74 26.74 79.11 51.37 65.08 92.65 57.77 28.37 25.14 89.97 102.03 124.88 74.20 104.26 104.25 76.88 98.60 98.27 98.38 51.64 28.02 32.66 63.95 91.25 73.26 45.08 74.58 58.69 29.59 34.48 37.09 64.79 80.39 89.35 112.39 110.07 102.44 96.85 89.08 36.62 36.73 51.41 76.03 96.38 101.32 124.11 61.32 14.68 102.03 24.12 64.88 71.95 78.69 45.99 68.04 78.07 105.34 70.57 41.32 33.89
161.46 165.52 152.60 99.96 99.10 0.00 0.84 170.12 150.94 153.28 190.19 45.27 30.27 29.02 43.24 37.14 59.18 84.01 168.41 173.08 28.55 29.32 28.25 22.58 33.93 96.78 90.90 83.05 84.53 187.67 188.58 155.66 150.26 192.84 194.58 55.73 50.35 35.72 30.10 88.34 149.86 100.56 127.39 125.73 85.38 89.26 183.66 190.83 112.40 99.45 101.23 100.76 85.00 106.14 96.46 162.84 171.97 26.92 27.64 29.70 96.30 36.90 44.92 106.13 123.97 107.13 97.56 113.57 114.76 108.65 77.15 38.70 99.46 113.75 76.85 128.55 78.74 75.48 125.77 73.30 130.20 119.20 121.45 123.95 126.40 128.90 133.58 134.18 140.86 111.18 90.40 79.00 70.19 58.66 56.74 66.74 67.74 71.40 73.97 80.68 191.59 187.51 162.51 158.02 144.47 86.06 178.65 178.65 178.65 119.67 79.82 122.95 116.65 124.21 91.01 99.14 39.67 114.75 128.49 125.66 131.86 50.33 27.91 179.65 171.80 43.33 28.76 26.78 16.97 65.95 66.68 53.68 58.96 190.16 195.26 193.54 37.91 85.96 56.99 76.04 54.97 29.53 161.42 134.94 42.96 29.72 35.52 76.90 65.66 67.77
160.62 164.73 151.76 99.17 98.33 0.84 0.00 169.29 150.11 152.46 189.36 45.25 30.25 28.89 43.09 36.88 58.50 83.17 167.57 172.25 28.44 29.56 28.26 22.74 33.47 95.96 90.07 82.21 83.69 186.83 187.74 154.81 149.42 191.99 193.75 55.12 49.75 35.14 29.26 87.55 149.05 99.73 126.60 124.91 84.61 88.49 182.83 190.00 111.60 98.66 100.44 99.97 84.16 105.38 95.70 162.00 171.13 26.80 27.89 29.71 95.51 37.00 44.58 105.37 123.19 106.30 96.71 112.79 113.94 107.81 76.31 37.88 98.63 112.98 76.04 127.73 77.95 74.66 124.99 72.46 129.35 118.36 120.61 123.11 125.56 128.06 132.75 133.34 140.05 110.42 89.64 78.32 69.44 57.81 55.92 66.09 66.91 70.61 73.21 79.99 190.75 186.68 161.67 157.20 143.68 85.28 177.81 177.81 177.81 118.82 79.00 122.13 115.81 123.42 90.22 98.30 38.86 113.91 127.71 124.84 131.05 49.91 27.59 178.81 170.98 43.02 28.39 26.28 16.21 65.27 66.01 52.84 58.20 189.34 194.43 192.70 37.12 85.22 56.47 75.31 54.58 28.69 160.57 134.11 42.13 28.90 35.17 76.10 65.04 66.95
45.88 84.69 17.81 74.36 103.85 170.12 169.29 0.00 19.21 65.98 69.21 167.83 166.84 163.12 160.27 156.54 120.37 90.88 10.76 6.53 163.86 175.86 167.86 171.91 149.21 87.09 90.54 95.15 89.34 44.37 53.09 31.06 56.92 49.32 25.70 143.81 146.35 152.64 140.57 104.86 70.90 69.63 88.88 46.62 90.78 86.55 15.01 21.37 61.98 75.61 73.73 74.22 85.14 74.87 105.61 53.85 53.38 172.32 183.74 177.09 98.06 183.19 163.78 100.94 89.21 76.61 77.62 93.21 57.17 64.70 96.90 131.54 82.55 68.47 105.32 66.36 109.56 104.75 90.28 98.28 44.42 54.10 52.08 49.85 49.06 47.10 61.33 41.37 68.54 99.49 108.42 127.67 105.91 112.80 113.65 117.67 102.39 113.77 116.91 102.88 54.48 21.07 48.24 21.65 42.17 89.44 27.63 28.33 28.09 55.01 99.62 73.22 53.50 55.97 82.72 73.06 130.98 55.90 91.94 72.57 75.74 159.25 165.37 53.34 13.28 152.30 155.21 151.80 153.86 131.98 132.90 119.06 114.62 67.75 70.29 23.42 138.72 115.24 133.73 120.43 161.36 141.71 35.80 62.47 127.16 140.51 153.22 95.86 138.80 112.33
44.75 82.01 4.37 55.67 88.86 150.94 150.11 19.21 0.00 61.15 74.67 149.12 147.80 144.05 141.51 137.60 101.49 72.61 20.69 22.56 144.79 156.79 148.79 152.77 130.15 70.45 73.32 77.27 70.93 53.95 61.02 27.35 51.26 59.59 44.08 126.09 128.37 134.09 121.45 88.52 65.01 50.43 77.96 28.13 72.06 67.86 33.09 40.07 43.60 57.02 55.16 55.65 65.99 57.33 90.35 52.68 55.48 153.59 164.92 158.40 82.34 164.65 145.68 86.82 77.65 60.64 59.73 79.92 38.30 46.73 78.39 112.35 65.83 51.57 87.64 54.48 92.39 86.85 79.09 79.39 28.33 36.55 34.74 32.80 32.90 31.43 50.43 26.29 60.21 86.08 92.53 111.30 86.99 93.83 94.44 99.12 83.20 96.11 99.68 84.62 63.13 37.92 47.36 17.36 31.20 70.67 37.91 38.38 38.22 37.98 81.78 60.53 34.38 39.61 63.83 54.56 111.77 37.10 81.29 60.49 65.35 141.38 146.68 58.13 23.73 133.49 136.10 132.65 134.66 114.66 115.66 100.18 95.50 73.44 77.01 42.62 119.92 99.15 115.15 103.55 143.72 122.62 35.36 52.10 107.98 121.32 134.22 76.77 121.62 94.22
21.28 21.60 57.44 89.28 59.24 153.28 152.46 65.98 61.15 0.00 37.19 168.77 162.04 157.99 161.00 154.78 123.54 71.44 55.65 72.51 158.53 169.56 162.19 163.62 145.28 56.62 62.59 70.72 71.85 44.75 40.66 35.30 9.95 47.71 86.10 108.93 113.30 124.65 124.11 67.08 5.83 74.03 32.29 73.40 101.22 98.28 78.42 81.61 83.39 91.14 89.98 90.28 80.84 98.11 61.89 15.30 23.17 145.08 157.06 148.90 58.59 152.75 130.17 53.11 34.66 47.10 60.06 43.90 76.07 54.94 78.06 120.02 54.47 96.31 76.52 25.56 75.91 77.81 34.22 84.12 44.10 49.78 48.47 47.10 43.43 41.97 22.07 42.05 12.45 49.09 67.29 85.88 110.66 96.97 106.12 125.47 94.93 82.86 82.23 115.79 43.42 85.19 19.68 78.23 90.03 99.56 47.99 47.40 47.59 47.08 73.56 30.35 62.98 88.86 92.90 63.14 121.01 59.38 33.83 27.63 22.25 123.97 138.19 30.82 78.53 153.11 149.62 144.59 140.42 95.53 95.78 100.37 113.54 37.38 42.42 78.73 115.81 73.86 139.38 82.76 124.12 124.15 30.58 19.99 115.02 127.62 150.58 99.30 100.55 85.60
33.43 34.88 70.30 118.06 96.02 190.19 189.36 69.21 74.67 37.19 0.00 203.48 197.65 193.61 195.65 189.81 157.00 107.37 59.00 74.83 194.19 205.46 197.94 199.74 180.55 93.40 99.31 107.30 107.49 26.88 17.40 48.85 40.37 24.65 79.14 145.92 150.38 161.84 160.76 104.25 41.51 104.74 67.86 96.39 132.04 128.58 75.82 75.62 109.53 119.86 118.39 118.78 114.32 124.74 98.72 28.64 20.94 182.26 194.24 186.05 95.76 189.79 167.11 89.61 70.70 83.31 95.03 80.54 102.33 87.51 114.14 156.05 90.89 121.17 113.57 61.70 113.11 114.76 69.79 119.71 70.79 79.74 77.87 75.81 72.18 69.99 57.00 67.34 49.61 85.27 104.27 122.44 143.36 133.15 141.25 157.89 129.71 120.04 119.40 146.53 17.63 81.91 31.27 88.44 105.85 130.39 41.99 41.24 41.49 77.70 110.36 67.30 90.68 111.20 123.35 96.65 156.84 88.53 68.55 64.64 59.36 160.81 175.38 16.54 82.28 187.64 185.21 180.36 176.93 132.52 132.71 136.95 147.64 1.63 5.31 70.30 152.87 110.70 172.64 119.79 160.74 160.90 40.19 55.43 151.06 163.94 185.70 131.87 137.32 122.64
171.49 185.02 151.90 93.48 124.21 45.27 45.25 167.83 149.12 168.77 203.48 0.00 15.00 17.06 7.84 14.50 47.87 97.76 169.00 169.14 17.25 19.26 17.03 23.55 24.47 114.09 108.19 99.97 97.07 194.98 198.04 161.44 163.31 200.61 189.56 92.57 87.86 74.84 54.11 112.48 166.71 101.38 149.15 121.20 77.07 81.29 179.27 186.55 105.90 92.22 94.11 93.61 89.37 94.45 121.98 174.89 183.36 71.91 72.32 74.96 118.79 82.11 87.83 130.77 145.74 121.98 108.77 136.10 110.82 116.20 91.56 51.62 115.09 101.84 98.26 143.22 103.21 95.91 147.91 84.86 135.54 125.12 127.24 129.60 132.87 135.31 147.06 139.51 157.03 135.63 116.35 111.23 62.38 73.71 62.69 50.27 73.89 96.28 101.17 65.60 200.95 181.63 173.13 151.24 133.60 78.45 182.82 183.01 182.94 126.64 98.52 139.41 117.67 114.22 85.34 106.87 49.68 117.81 151.15 142.18 149.84 92.02 71.54 190.31 165.96 15.94 22.69 28.36 40.67 98.86 100.03 72.80 55.99 203.10 208.09 190.61 68.16 114.12 34.28 105.20 97.07 55.67 168.76 148.93 56.21 47.22 18.88 73.36 101.17 90.33
166.50 177.17 150.24 92.88 114.21 30.27 30.25 166.84 147.80 162.04 197.65 15.00 0.00 4.05 14.17 11.63 46.92 90.60 167.06 168.72 3.56 9.27 2.26 9.46 17.71 106.20 100.20 91.92 90.26 191.02 193.40 157.73 157.29 196.53 189.65 79.20 74.29 60.78 42.20 102.59 159.55 98.44 140.37 120.46 76.63 80.87 179.08 186.37 105.58 91.85 93.75 93.25 84.93 95.75 111.84 169.28 178.02 56.93 57.47 59.96 109.46 67.14 73.20 120.98 136.93 114.95 102.63 126.97 109.70 111.36 84.04 42.36 107.72 103.38 88.89 136.52 93.08 86.76 139.01 78.00 131.69 120.94 123.14 125.58 128.63 131.12 140.76 135.72 150.00 125.94 106.02 99.18 61.09 65.36 56.54 51.69 68.30 85.91 90.28 67.29 196.36 181.96 167.96 151.64 135.24 77.80 179.80 179.93 179.89 122.14 89.92 132.12 114.99 115.28 84.22 101.79 41.09 114.46 142.12 134.90 142.20 77.63 56.72 185.25 166.17 18.06 12.44 17.58 27.12 86.48 87.56 63.27 52.46 197.38 202.43 190.00 55.68 103.16 37.16 93.85 82.62 43.41 164.60 142.49 47.29 36.15 13.83 71.04 88.20 80.45
162.48 173.14 146.45 89.26 110.30 29.02 28.89 163.12 144.05 157.99 193.61 17.06 4.05 0.00 14.26 9.51 43.44 86.55 163.24 165.06 0.83 12.75 4.76 10.81 13.90 102.16 96.16 87.88 86.21 187.04 189.39 153.77 153.25 192.55 186.04 75.99 71.16 57.89 38.49 98.67 155.50 94.57 136.37 116.79 73.08 77.31 175.44 182.73 101.98 88.27 90.16 89.67 80.97 92.40 107.95 165.24 173.99 55.21 56.56 58.49 105.50 65.88 70.78 117.05 132.93 110.90 98.59 122.99 106.00 107.36 79.99 38.34 103.67 100.05 84.91 132.47 89.18 82.77 135.02 73.95 127.74 116.97 119.17 121.62 124.65 127.14 136.71 131.76 145.95 122.01 102.14 95.59 57.48 61.33 52.52 48.55 64.29 82.03 86.47 64.10 192.35 178.39 163.93 148.09 131.88 74.22 175.89 176.01 175.97 118.16 85.90 128.07 111.13 111.86 80.56 97.78 37.04 110.54 138.14 130.86 138.16 74.98 54.55 181.22 162.58 16.23 8.40 13.56 23.89 82.96 84.06 59.29 48.63 193.34 198.39 186.31 52.15 99.37 34.51 90.12 80.02 39.79 160.62 138.44 43.26 32.28 10.63 67.28 84.85 76.51
163.65 177.37 144.25 85.91 117.04 43.24 43.09 160.27 141.51 161.00 195.65 7.84 14.17 14.26 0.00 7.83 40.14 90.08 161.32 161.67 14.80 21.62 16.43 23.63 17.50 106.49 100.61 92.41 89.35 187.16 190.21 153.63 155.50 192.79 182.18 87.10 82.57 70.10 48.03 105.30 158.98 93.58 141.67 113.65 69.49 73.72 171.84 179.13 98.39 84.68 86.58 86.08 81.53 87.22 114.85 167.06 175.53 69.14 70.81 72.58 111.46 80.06 83.84 123.53 138.27 114.26 100.98 128.70 103.21 108.37 83.94 44.55 107.42 94.68 90.98 135.46 96.12 88.58 140.46 77.17 127.71 117.28 119.41 121.78 125.04 127.48 139.27 131.69 149.30 128.36 109.29 104.87 54.67 66.27 54.97 42.90 66.10 89.29 94.34 58.37 193.11 174.30 165.29 143.90 126.50 70.84 175.05 175.23 175.17 118.80 91.06 131.72 109.91 106.97 77.69 99.04 42.46 110.01 143.71 134.48 142.18 87.59 68.05 182.48 158.60 8.12 17.20 22.54 35.93 92.70 93.92 65.65 48.15 195.27 200.26 183.12 62.23 107.28 27.06 98.53 92.70 49.75 160.93 141.15 49.00 40.85 11.99 65.58 95.36 83.20
158.12 170.76 140.18 82.31 109.71 37.14 36.88 156.54 137.60 154.78 189.81 14.50 11.63 9.51 7.83 0.00 36.20 83.58 157.13 158.22 10.30 20.77 13.51 20.27 9.97 99.78 93.85 85.61 82.98 182.08 184.84 148.63 149.54 187.66 178.99 79.27 74.77 62.42 40.21 97.98 152.60 88.85 134.72 110.01 65.95 70.20 168.50 175.80 94.95 81.20 83.10 82.60 76.09 84.64 107.48 161.28 169.86 62.31 64.77 65.97 104.30 73.61 76.38 116.27 131.31 107.87 94.89 121.63 99.37 102.82 77.29 37.12 100.88 92.22 83.77 129.22 88.72 81.43 133.47 70.73 122.63 112.04 114.20 116.60 119.78 122.24 133.19 126.63 142.95 121.13 101.86 97.11 50.63 59.27 48.67 40.37 60.10 81.81 86.77 56.00 187.76 171.22 159.69 140.85 124.10 67.20 170.38 170.53 170.48 113.42 84.08 125.25 105.32 104.26 73.81 93.37 35.18 105.11 136.69 128.03 135.61 79.99 60.85 176.92 155.45 6.72 9.56 14.74 28.35 84.90 86.11 58.30 42.94 189.47 194.48 179.58 54.40 99.71 25.55 90.87 85.11 41.92 155.74 135.01 41.71 33.07 4.38 61.07 87.53 75.83
124.47 141.33 104.16 46.11 87.23 59.18 58.50 120.37 101.49 123.54 157.00 47.87 46.92 43.44 40.14 36.20 0.00 55.15 121.21 122.01 44.23 56.13 48.19 53.24 29.82 72.15 66.77 59.23 53.78 147.34 150.70 113.76 117.27 153.00 142.81 73.97 71.42 64.84 39.49 75.89 122.13 53.62 107.95 73.81 29.76 34.01 132.30 139.60 58.75 45.01 46.91 46.41 42.80 49.06 85.56 128.36 136.56 75.35 82.82 80.21 80.15 88.22 80.96 92.83 104.71 78.05 63.80 96.14 63.22 69.50 50.22 27.93 72.03 56.73 61.33 98.30 68.20 58.55 107.03 42.64 87.98 77.80 79.86 82.17 85.55 87.94 101.53 91.91 112.39 97.18 80.92 83.06 14.54 37.26 22.62 8.57 30.16 62.88 69.16 21.62 153.57 135.08 126.23 104.73 88.50 30.99 134.97 135.16 135.10 79.52 59.31 95.49 69.83 68.43 37.66 60.56 25.09 70.13 110.47 98.19 106.33 81.59 70.66 143.27 119.30 32.06 36.24 34.36 42.64 73.66 75.14 40.62 11.19 156.52 161.44 143.38 50.10 81.09 15.86 74.52 86.48 41.82 121.24 103.55 28.29 33.64 33.11 25.58 78.85 55.99
77.53 87.30 73.11 42.47 35.05 84.01 83.17 90.88 72.61 71.44 107.37 97.76 90.60 86.55 90.08 83.58 55.15 0.00 87.10 95.11 87.09 98.17 90.76 92.37 73.95 17.00 11.87 6.79 2.55 103.68 104.66 72.16 67.04 108.83 116.46 53.93 55.86 61.86 54.02 25.96 69.04 29.60 52.80 54.38 43.13 42.74 105.53 112.24 48.48 43.68 44.12 44.00 19.21 54.53 34.23 79.36 88.36 81.88 93.56 86.53 26.85 92.39 73.08 39.31 49.56 24.35 13.81 41.27 45.68 26.26 6.87 48.69 17.34 58.73 16.66 45.93 23.66 14.99 51.88 12.94 47.67 37.03 39.19 41.60 43.43 45.85 50.37 51.47 59.44 43.08 31.67 44.39 45.06 25.82 35.16 59.34 25.02 24.71 29.83 55.11 107.67 110.53 78.67 84.36 78.44 41.86 95.33 95.26 95.28 36.78 10.63 41.67 39.85 61.85 38.66 18.18 49.58 35.87 55.33 44.45 52.11 68.96 74.86 95.90 95.81 82.37 78.18 73.16 69.79 43.71 44.94 30.35 44.21 107.20 112.28 113.75 48.82 35.43 70.77 35.02 71.59 54.48 77.51 52.00 43.69 56.62 79.32 35.72 50.90 21.68
35.25 74.02 17.24 75.82 96.82 168.41 167.57 10.76 20.69 55.65 59.00 169.00 167.06 163.24 161.32 157.13 121.21 87.10 0.00 17.15 163.96 175.93 167.95 171.61 149.35 81.48 85.45 90.76 85.80 35.18 43.40 21.43 46.86 40.50 32.46 138.92 141.77 148.94 138.54 98.81 60.73 68.79 79.97 48.62 92.09 87.94 23.19 27.83 64.04 77.25 75.41 75.90 83.60 78.00 98.74 43.17 42.66 168.96 180.57 173.62 91.59 179.41 159.32 93.41 80.55 70.59 73.47 85.29 58.33 60.88 93.44 130.15 77.07 72.25 100.60 58.16 104.23 100.29 81.46 95.61 39.52 50.08 47.91 45.50 43.98 41.74 52.81 35.94 59.00 91.58 101.98 121.49 106.67 110.31 112.53 119.25 100.96 108.95 111.59 105.01 45.05 29.88 37.57 29.93 49.23 90.64 18.40 19.01 18.80 50.43 95.14 65.27 52.24 60.19 83.67 69.87 129.83 53.67 82.90 64.35 66.77 154.48 161.95 42.90 24.01 153.26 155.16 151.44 152.51 126.67 127.50 116.26 114.60 57.58 60.38 27.40 135.63 108.90 135.23 114.74 156.29 139.52 25.24 53.72 125.59 139.06 153.63 96.09 133.32 108.11
52.37 91.16 22.26 75.91 109.45 173.08 172.25 6.53 22.56 72.51 74.83 169.14 168.72 165.06 161.67 158.22 122.01 95.11 17.15 0.00 165.82 177.81 169.82 174.08 151.17 92.16 95.37 99.65 93.46 49.38 58.37 37.56 63.44 54.04 21.57 148.42 150.81 156.65 143.76 110.06 77.42 72.53 95.14 48.27 92.28 88.04 10.60 17.78 63.30 77.04 75.14 75.64 88.28 75.38 111.14 60.31 59.60 176.14 187.44 180.96 103.45 187.21 168.16 106.74 95.40 81.88 82.09 99.15 59.10 69.11 100.94 134.41 87.58 68.62 109.94 72.45 114.43 109.24 96.52 101.92 49.49 58.69 56.76 54.64 54.15 52.32 67.52 46.68 74.98 105.42 113.77 132.88 107.65 116.31 116.42 118.89 105.37 118.41 121.76 103.83 59.57 15.59 54.70 19.57 40.32 91.02 32.93 33.66 33.42 59.83 104.14 79.22 56.80 55.99 84.50 77.10 133.71 59.66 98.24 78.65 82.03 163.78 169.23 59.22 7.55 153.77 157.27 154.05 156.65 136.80 137.76 122.70 116.77 73.34 75.66 21.51 142.46 120.53 134.92 125.44 166.02 144.98 42.30 68.72 130.14 143.39 155.02 97.96 143.69 116.69
163.09 173.62 147.18 90.03 110.66 28.55 28.44 163.86 144.79 158.53 194.19 17.25 3.56 0.83 14.80 10.30 44.23 87.09 163.96 165.82 0.00 12.00 4.00 10.00 14.65 102.65 96.65 88.37 86.77 187.70 190.02 154.44 153.82 193.19 186.80 76.03 71.18 57.82 38.73 99.04 156.02 95.28 136.81 117.55 73.86 78.09 176.20 183.49 102.76 89.05 90.94 90.44 81.63 93.21 108.29 165.83 174.59 54.85 56.05 58.09 105.90 65.44 70.59 117.42 133.36 111.44 99.17 123.41 106.76 107.99 80.52 38.81 104.19 100.86 85.32 133.02 89.53 83.19 135.45 74.51 128.40 117.63 119.83 122.28 125.30 127.80 137.28 132.43 146.48 122.38 102.48 95.77 58.25 61.82 53.14 49.37 64.92 82.37 86.76 64.92 192.98 179.16 164.54 148.86 132.68 74.99 176.58 176.69 176.65 118.80 86.36 128.59 111.84 112.66 81.33 98.41 37.55 111.23 138.56 131.37 138.65 74.85 54.30 181.83 163.35 17.01 9.00 14.02 23.92 83.11 84.21 59.70 49.36 193.92 198.98 187.06 52.31 99.65 35.34 90.37 79.88 39.98 161.27 139.00 43.74 32.61 11.46 68.02 84.94 76.89
174.62 184.17 159.17 102.01 120.20 29.32 29.56 175.86 156.79 169.56 205.46 19.26 9.27 12.75 21.62 20.77 56.13 98.17 175.93 177.81 12.00 0.00 8.00 7.21 26.65 113.37 107.35 99.09 97.97 199.42 201.61 166.23 165.09 204.89 198.79 82.37 77.23 63.09 47.61 108.71 166.89 107.22 146.97 129.55 85.81 90.04 188.19 195.48 114.73 101.01 102.91 102.41 93.42 105.01 117.75 177.20 186.02 56.15 54.75 58.50 115.88 65.07 74.01 127.07 143.53 122.47 110.53 133.43 118.76 119.64 91.50 49.55 115.12 112.64 95.40 144.10 99.11 93.40 145.55 85.76 140.20 129.39 131.60 134.05 137.04 139.54 148.49 144.23 157.42 132.08 111.83 103.66 70.22 72.62 64.74 60.96 76.56 91.83 95.79 76.56 204.57 191.13 176.03 160.82 144.50 86.96 188.44 188.55 188.52 130.50 96.84 139.47 123.78 124.52 93.32 110.04 48.62 123.11 148.59 142.25 149.36 79.06 57.09 193.33 175.32 26.92 20.80 25.14 31.40 90.74 91.72 69.93 61.34 205.23 210.30 199.06 60.23 108.54 46.31 98.99 83.87 48.46 172.98 150.16 54.54 42.44 23.08 80.02 91.79 86.72
166.93 177.12 151.17 94.03 113.79 28.25 28.26 167.86 148.79 162.19 197.94 17.03 2.26 4.76 16.43 13.51 48.19 90.76 167.95 169.82 4.00 8.00 0.00 7.21 18.65 106.20 100.18 91.91 90.48 191.60 193.88 158.37 157.57 197.09 190.80 78.00 73.03 59.36 41.52 102.21 159.62 99.26 140.16 121.55 77.84 82.07 180.20 187.49 106.75 93.03 94.93 94.43 85.56 97.14 111.39 169.61 178.39 55.00 55.33 57.95 109.18 65.07 71.52 120.59 136.72 115.09 102.94 126.71 110.76 111.87 84.15 42.31 107.81 104.78 88.63 136.69 92.66 86.54 138.78 78.24 132.33 121.54 123.75 126.20 129.21 131.71 141.00 136.36 150.11 125.57 105.54 98.31 62.24 65.37 56.99 53.21 68.78 85.45 89.70 68.78 196.84 183.15 168.36 152.85 136.62 78.98 180.53 180.64 180.61 122.69 89.81 132.20 115.82 116.61 85.32 102.28 41.18 115.19 141.86 134.98 142.20 76.07 54.95 185.66 167.34 20.06 12.89 17.60 26.04 85.54 86.60 63.04 53.35 197.69 202.74 191.06 54.78 102.54 38.93 93.16 81.03 42.62 165.17 142.71 47.28 35.74 15.27 72.02 87.10 80.10
169.23 177.88 155.01 98.55 113.48 22.58 22.74 171.91 152.77 163.62 199.74 23.55 9.46 10.81 23.63 20.27 53.24 92.37 171.61 174.08 10.00 7.21 7.21 0.00 23.43 107.26 101.24 93.00 92.29 194.32 196.28 161.30 159.39 199.75 195.21 75.17 70.02 55.89 40.87 102.06 160.83 102.83 140.50 125.86 82.57 86.77 184.53 191.81 111.29 97.65 99.54 99.04 88.59 102.30 111.01 171.60 180.49 49.50 48.91 52.10 109.35 58.95 66.99 120.38 137.05 116.58 104.98 126.89 114.98 114.49 85.63 43.69 109.15 109.97 88.94 138.24 92.43 87.02 139.05 80.16 135.30 124.42 126.64 129.12 132.01 134.52 142.74 139.34 151.42 125.41 105.06 96.56 66.88 66.66 59.67 58.87 71.50 85.12 88.94 74.30 199.26 187.67 170.57 157.46 141.71 83.63 183.70 183.79 183.76 125.42 90.59 133.44 119.38 121.59 89.74 104.86 43.04 118.47 142.04 136.21 143.20 71.95 50.14 187.87 171.85 26.95 17.01 20.17 24.47 83.62 84.59 63.62 57.32 199.55 204.62 195.20 53.20 101.64 45.23 92.03 76.79 41.60 167.87 144.36 48.69 36.11 21.24 76.12 84.61 80.17
149.12 161.02 132.55 75.42 99.74 33.93 33.47 149.21 130.15 145.28 180.55 24.47 17.71 13.90 17.50 9.97 29.82 73.95 149.35 151.17 14.65 26.65 18.65 23.43 0.00 90.00 84.05 75.80 73.43 173.44 175.95 140.10 140.23 178.97 172.18 70.32 66.02 54.37 30.89 88.01 142.99 80.73 124.83 102.91 59.29 63.52 161.56 168.86 88.15 74.45 76.35 75.85 67.34 78.87 97.51 152.09 160.75 56.77 60.89 60.88 94.35 68.79 69.05 106.30 121.41 98.28 85.54 111.70 92.11 93.89 67.57 27.16 91.22 86.55 73.81 119.72 78.75 71.48 123.56 61.16 114.06 103.35 105.54 107.97 111.06 113.54 123.79 118.09 133.37 111.17 91.90 87.43 43.65 49.39 39.29 35.61 50.92 71.86 76.86 50.92 178.90 164.55 150.63 134.28 118.31 60.40 162.11 162.24 162.20 104.61 74.19 115.61 97.28 98.21 66.69 84.36 25.23 96.77 126.78 118.39 125.90 72.13 54.39 167.90 148.74 12.16 6.50 7.43 21.38 75.36 76.61 48.33 34.75 180.24 185.27 172.41 45.13 89.79 23.35 81.03 77.28 32.76 147.04 125.58 31.75 23.52 5.60 53.38 78.26 65.86
65.77 71.03 69.93 54.20 22.02 96.78 95.96 87.09 70.45 56.62 93.40 114.09 106.20 102.16 106.49 99.78 72.15 17.00 81.48 92.16 102.65 113.37 106.20 107.26 90.00 0.00 6.02 14.29 18.54 92.81 92.59 63.73 53.62 97.58 112.73 57.73 61.03 70.17 67.49 18.14 53.58 38.63 35.81 58.55 58.24 57.14 102.08 108.28 56.98 55.73 55.70 55.70 33.87 66.21 22.33 66.31 75.52 90.73 102.69 94.98 13.68 99.87 78.60 24.26 32.57 11.27 14.96 24.58 52.29 25.41 22.58 63.89 4.63 68.97 20.66 31.83 22.81 21.46 34.89 29.74 42.69 34.10 35.75 37.66 38.04 40.02 37.08 45.80 44.27 27.23 22.69 40.85 61.80 40.84 51.81 76.23 42.01 28.30 30.16 71.13 95.59 107.74 66.50 84.69 82.94 56.81 86.70 86.51 86.57 32.47 16.96 26.28 42.55 69.29 52.44 23.07 65.14 37.43 38.35 29.03 36.00 73.35 83.69 83.33 94.18 98.90 93.87 88.64 83.83 45.21 46.02 43.79 61.19 93.39 98.48 108.82 59.67 28.90 87.75 33.34 74.90 67.54 67.59 38.27 58.92 71.17 95.46 51.93 51.84 29.51
71.25 77.00 73.11 51.98 23.96 90.90 90.07 90.54 73.32 62.59 99.31 108.19 100.20 96.16 100.61 93.85 66.77 11.87 85.45 95.37 96.65 107.35 100.18 101.24 84.05 6.02 0.00 8.28 13.84 98.15 98.18 68.40 59.40 103.01 116.24 53.47 56.45 64.95 61.52 16.98 59.60 37.25 41.37 59.22 54.48 53.74 105.48 111.84 56.05 53.38 53.55 53.50 30.17 64.08 23.58 72.05 81.23 85.46 97.39 89.80 15.50 94.91 74.03 27.62 38.05 16.50 14.77 29.44 52.02 27.05 16.80 57.87 8.88 67.45 15.44 37.66 19.07 15.85 40.34 24.17 46.19 36.77 38.63 40.74 41.59 43.74 42.78 49.55 50.27 31.24 22.35 38.65 56.93 34.83 46.06 71.16 36.61 23.57 26.39 66.85 101.19 110.95 72.07 86.84 83.66 53.13 91.50 91.34 91.39 35.56 11.10 32.27 43.51 68.86 49.32 22.51 59.15 38.67 43.74 35.03 42.02 69.04 78.41 89.00 97.00 93.06 87.87 82.63 77.84 41.44 42.38 37.79 55.73 99.27 104.36 112.67 53.97 27.62 82.27 30.32 70.89 61.60 72.65 44.06 52.91 65.15 89.53 47.50 48.32 23.97
78.64 85.28 77.48 49.26 29.07 83.05 82.21 95.15 77.27 70.72 107.30 99.97 91.92 87.88 92.41 85.61 59.23 6.79 90.76 99.65 88.37 99.09 91.91 93.00 75.80 14.29 8.28 0.00 9.34 105.30 105.68 74.72 67.22 110.28 120.82 48.82 51.20 58.46 53.47 19.35 67.83 36.19 49.37 60.42 49.43 49.25 109.95 116.52 55.12 50.46 50.91 50.79 25.85 61.31 28.01 79.79 88.93 78.80 90.65 83.29 21.23 88.77 68.65 33.91 46.02 24.08 17.56 36.98 52.07 30.55 9.01 49.60 16.42 65.51 10.56 45.60 17.02 9.59 48.26 16.64 51.25 41.06 43.11 45.41 46.80 49.11 50.54 54.86 58.44 38.04 25.05 37.75 50.18 26.55 38.06 64.05 29.21 18.97 23.51 60.90 108.69 115.16 79.58 89.72 84.64 48.23 97.91 97.79 97.83 40.36 4.52 40.45 45.44 68.42 45.31 23.63 50.87 41.11 51.62 43.22 50.29 64.13 71.75 96.64 100.72 84.90 79.59 74.35 69.70 37.88 39.03 29.67 48.10 107.22 112.32 117.73 46.58 28.64 74.57 28.50 66.46 53.64 79.48 51.93 44.63 56.93 81.28 41.51 45.02 17.37
77.23 88.15 71.54 39.92 37.36 84.53 83.69 89.34 70.93 71.85 107.49 97.07 90.26 86.21 89.35 82.98 53.78 2.55 85.80 93.46 86.77 97.97 90.48 92.29 73.43 18.54 13.84 9.34 0.00 103.15 104.36 71.31 67.12 108.36 114.87 55.95 57.73 63.30 54.47 28.46 69.64 27.15 54.23 52.15 40.81 40.33 103.91 110.68 45.99 41.14 41.57 41.45 16.75 51.98 36.61 79.32 88.25 83.17 94.78 87.87 29.08 93.86 74.85 41.43 51.04 24.91 13.02 43.02 43.30 24.92 7.65 48.61 18.30 56.18 19.08 46.29 26.17 17.29 53.38 12.28 46.49 35.72 37.91 40.36 42.36 44.81 50.52 50.35 59.98 45.08 34.16 46.89 43.27 26.03 34.38 57.69 23.79 27.00 32.25 53.01 107.36 108.83 78.45 82.38 76.13 39.52 94.44 94.40 94.41 35.65 13.10 42.38 37.84 59.40 36.19 16.37 49.35 34.02 56.85 45.14 52.97 70.86 76.17 95.72 94.01 81.57 77.83 72.89 70.02 45.97 47.22 31.01 42.97 107.27 112.34 112.31 49.89 37.98 69.49 37.49 73.60 55.04 76.89 52.23 43.63 56.74 78.75 33.66 53.17 23.62
27.31 54.09 49.73 104.49 101.37 187.67 186.83 44.37 53.95 44.75 26.88 194.98 191.02 187.04 187.16 182.08 147.34 103.68 35.18 49.38 187.70 199.42 191.60 194.32 173.44 92.81 98.15 105.30 103.15 0.00 9.50 33.58 41.47 5.79 52.26 149.40 153.24 162.98 157.62 107.15 50.52 93.73 76.63 79.51 119.91 116.04 49.25 48.75 94.15 106.16 104.47 104.91 106.10 109.05 103.85 29.72 21.85 183.54 195.50 187.77 98.83 192.48 170.64 95.99 78.63 81.67 90.13 86.81 87.46 79.83 110.52 151.11 89.28 104.28 113.45 62.12 114.82 114.00 78.52 114.73 59.46 70.08 67.90 65.48 62.39 59.90 56.34 55.48 54.72 92.56 108.60 128.02 133.04 129.14 134.70 146.83 122.87 120.99 121.82 133.86 10.20 55.18 27.18 65.08 84.19 118.32 16.84 16.19 16.40 68.92 109.09 69.18 77.87 93.02 111.16 89.47 151.39 77.21 78.46 67.05 64.93 164.88 176.50 15.59 56.92 179.05 178.71 174.35 173.01 136.20 136.68 134.02 139.16 25.27 26.65 43.43 151.88 115.51 162.38 123.46 165.65 158.15 26.45 55.75 146.22 159.60 178.22 121.76 141.95 122.12
27.13 46.74 56.69 109.12 99.13 188.58 187.74 53.09 61.02 40.66 17.40 198.04 193.40 189.39 190.21 184.84 150.70 104.66 43.40 58.37 190.02 201.61 193.88 196.28 175.95 92.59 98.18 105.68 104.36 9.50 0.00 37.90 39.48 8.17 61.75 148.07 152.14 162.53 158.67 105.81 46.18 97.33 72.95 85.25 124.07 120.34 58.67 58.25 99.41 110.84 109.23 109.65 108.75 114.49 101.70 26.83 17.72 183.09 195.09 187.18 97.36 191.56 169.36 93.35 75.26 81.70 91.44 84.10 92.48 82.06 111.53 152.78 89.39 110.15 113.22 61.08 113.95 114.00 74.87 116.25 62.81 72.94 70.85 68.53 65.18 62.77 55.55 58.96 51.83 89.56 106.76 125.87 136.59 130.39 136.89 150.70 125.11 120.43 120.74 138.28 3.01 64.65 26.11 73.29 91.80 122.46 25.48 24.77 25.01 71.43 109.24 67.76 82.02 99.33 115.30 91.61 153.25 80.79 74.42 65.40 62.14 163.40 176.09 9.85 65.90 182.11 181.02 176.47 174.38 134.75 135.13 134.91 142.07 15.78 17.32 52.90 152.14 113.55 166.00 121.95 163.88 159.06 29.70 54.59 147.84 161.09 180.88 125.19 140.19 122.08
17.41 55.25 23.19 71.27 76.94 155.66 154.81 31.06 27.35 35.30 48.85 161.44 157.73 153.77 153.63 148.63 113.76 72.16 21.43 37.56 154.44 166.23 158.37 161.30 140.10 63.73 68.40 74.72 71.31 33.58 37.90 0.00 25.94 39.27 53.64 121.44 124.73 133.14 125.56 80.14 39.97 60.15 58.61 47.73 86.44 82.62 44.61 49.01 61.55 72.97 71.35 71.77 72.81 76.68 79.03 25.35 28.65 153.52 165.36 157.99 72.43 163.28 142.31 73.00 59.30 52.50 58.37 64.57 54.58 47.08 78.88 118.42 59.63 72.62 83.83 37.41 86.49 83.94 60.14 82.38 26.04 36.88 34.65 32.18 29.36 26.84 31.82 22.01 37.60 70.84 82.76 102.44 99.46 97.00 101.62 113.28 89.80 91.90 93.79 100.52 40.56 51.28 20.02 43.62 58.18 84.84 23.20 23.11 23.14 36.06 78.85 44.69 44.36 62.37 77.68 56.69 118.54 43.64 61.50 43.50 45.41 137.06 146.47 32.61 43.29 145.51 145.47 141.24 140.53 108.72 109.43 102.32 105.69 47.81 51.93 47.66 120.92 89.76 128.80 96.38 138.47 126.25 8.66 32.53 113.60 127.07 144.81 88.18 115.08 92.00
14.84 31.41 47.61 81.03 59.96 150.26 149.42 56.92 51.26 9.95 40.37 163.31 157.29 153.25 155.50 149.54 117.27 67.04 46.86 63.44 153.82 165.09 157.57 159.39 140.23 53.62 59.40 67.22 67.12 41.47 39.48 25.94 0.00 45.42 78.13 108.60 112.67 123.20 120.64 66.33 14.04 66.33 35.92 63.89 93.70 90.55 69.91 73.57 74.47 82.88 81.63 81.96 74.47 89.37 62.47 12.75 22.00 143.75 155.75 147.78 57.89 152.09 129.89 54.52 37.55 43.15 54.69 45.34 67.12 47.93 73.83 115.70 50.80 87.21 74.12 21.82 74.53 75.08 37.72 79.34 34.87 41.56 40.04 38.43 34.71 33.02 16.70 32.53 13.63 51.16 67.38 86.66 103.96 92.84 100.94 118.67 89.46 81.11 81.27 108.28 42.44 76.66 14.35 68.40 80.10 92.03 41.42 40.92 41.09 39.07 70.50 28.29 54.24 79.36 85.20 56.72 116.47 51.01 38.22 25.92 23.57 123.95 136.77 29.91 69.21 147.52 144.85 140.00 136.70 95.28 95.69 96.81 107.62 40.16 45.24 71.18 113.29 74.23 133.02 82.49 124.50 120.86 22.46 15.35 110.71 123.64 145.41 92.51 100.80 83.09
31.83 54.87 55.39 110.27 105.37 192.84 191.99 49.32 59.59 47.71 24.65 200.61 196.53 192.55 192.79 187.66 153.00 108.83 40.50 54.04 193.19 204.89 197.09 199.75 178.97 97.58 103.01 110.28 108.36 5.79 8.17 39.27 45.42 0.00 55.17 153.81 157.74 167.72 162.81 111.53 53.37 99.41 79.90 85.29 125.65 121.79 53.11 51.96 99.94 111.93 110.25 110.69 111.63 114.84 107.89 33.16 24.54 188.28 200.26 192.47 103.15 197.06 175.08 99.80 82.06 86.51 95.36 90.58 93.24 85.26 115.68 156.46 94.15 110.05 118.24 66.55 119.38 118.86 81.81 120.02 65.07 75.63 73.46 71.05 67.91 65.43 60.84 61.11 58.33 96.20 112.78 132.08 138.72 134.38 140.16 152.55 128.33 125.67 126.31 139.62 7.03 58.75 31.36 70.31 89.65 124.06 22.11 21.51 21.71 74.40 114.00 73.47 83.60 98.75 116.90 94.89 156.79 82.87 81.54 71.24 68.62 169.24 181.26 17.17 61.58 184.67 184.20 179.80 178.29 140.55 141.00 139.17 144.75 23.03 23.37 46.26 156.84 119.64 168.08 127.78 169.89 163.31 31.93 60.10 151.56 164.91 183.78 127.42 146.18 126.98
64.88 102.17 43.37 96.77 129.02 194.58 193.75 25.70 44.08 86.10 79.14 189.56 189.65 186.04 182.18 178.99 142.81 116.46 32.46 21.57 186.80 198.79 190.80 195.21 172.18 112.73 116.24 120.82 114.87 52.26 61.75 53.64 78.13 55.17 0.00 169.51 172.02 178.12 165.31 130.42 91.54 94.06 112.24 69.37 113.05 108.80 10.99 4.63 84.07 97.81 95.91 96.41 109.84 95.26 130.87 72.04 68.71 197.67 209.00 202.48 123.48 208.68 189.43 125.79 112.93 102.15 103.28 117.73 80.30 90.33 122.38 155.89 108.21 88.15 131.02 90.62 135.24 130.42 113.78 123.47 70.09 79.78 77.77 75.55 74.72 72.72 85.25 66.95 90.88 124.03 133.86 153.21 128.56 137.88 137.89 139.30 126.90 139.47 142.60 124.01 61.90 8.35 66.77 38.36 57.67 111.85 39.51 40.23 39.99 80.71 125.30 97.71 78.38 75.56 105.50 98.53 155.16 81.17 115.10 96.80 99.05 184.94 190.75 65.85 23.60 174.35 178.34 175.24 178.10 157.67 158.59 144.25 137.95 77.53 78.50 8.92 164.01 140.72 155.28 146.07 187.06 166.54 55.72 86.11 151.66 164.88 175.89 119.14 164.48 137.97
122.10 116.83 126.22 90.64 49.98 55.73 55.12 143.81 126.09 108.93 145.92 92.57 79.20 75.99 87.10 79.27 73.97 53.93 138.92 148.42 76.03 82.37 78.00 75.17 70.32 57.73 53.47 48.82 55.95 149.40 148.07 121.44 108.60 153.81 169.51 0.00 5.44 20.08 39.56 42.29 104.41 81.96 78.83 107.91 83.29 85.30 158.67 165.16 99.81 91.21 92.32 92.03 67.30 101.43 47.26 121.27 130.47 37.87 49.41 40.88 50.71 43.90 21.29 56.68 75.68 68.94 66.36 65.49 98.45 79.35 49.20 47.61 61.96 107.47 38.49 87.29 34.95 39.26 76.98 51.51 99.59 89.75 91.74 93.97 95.02 97.20 93.06 103.00 96.76 61.41 41.65 24.97 74.62 42.22 54.28 82.17 56.77 30.04 27.71 88.22 151.03 163.95 122.45 138.28 131.46 82.88 144.32 144.11 144.18 88.83 44.31 80.36 93.78 113.41 83.63 72.07 50.59 89.74 79.02 82.67 86.68 15.62 31.74 138.42 149.53 82.43 70.05 64.56 52.11 13.40 13.27 35.89 65.19 146.23 151.20 166.12 25.48 35.34 83.52 26.18 17.67 37.58 124.95 93.71 45.86 47.13 75.36 72.88 10.14 32.35
125.97 121.70 128.67 90.86 54.64 50.35 49.75 146.35 128.37 113.30 150.38 87.86 74.29 71.16 82.57 74.77 71.42 55.86 141.77 150.81 71.18 77.23 73.03 70.02 66.02 61.03 56.45 51.20 57.73 153.24 152.14 124.73 112.67 157.74 172.02 5.44 0.00 14.66 35.53 46.37 108.89 83.07 83.58 109.27 82.60 84.85 161.13 167.72 100.52 91.32 92.52 92.20 67.99 101.31 51.91 125.37 134.60 32.71 44.39 35.94 54.85 39.47 17.59 61.43 80.39 72.29 68.74 70.12 99.54 81.71 50.67 44.40 65.11 107.59 41.17 91.20 38.46 41.61 81.76 52.20 102.32 92.25 94.30 96.58 97.81 100.04 96.92 105.83 101.06 66.24 46.16 30.20 73.06 41.64 52.69 79.76 56.29 32.88 31.43 86.66 155.11 166.29 126.40 140.09 132.51 82.29 147.72 147.53 147.60 91.49 46.74 84.39 95.55 114.08 83.51 74.03 47.41 91.72 83.88 86.76 91.06 13.17 26.43 142.55 151.67 78.17 65.45 60.04 47.27 18.07 18.19 34.97 63.16 150.65 155.65 168.86 21.85 40.08 80.20 30.61 16.64 33.43 128.51 97.65 43.14 43.13 70.94 72.14 15.57 34.18
135.90 134.37 134.83 91.53 67.11 35.72 35.14 152.64 134.09 124.65 161.84 74.84 60.78 57.89 70.10 62.42 64.84 61.86 148.94 156.65 57.82 63.09 59.36 55.89 54.37 70.17 64.95 58.46 63.30 162.98 162.53 133.14 123.20 167.72 178.12 20.08 14.66 0.00 25.87 57.66 120.55 86.26 96.07 112.74 81.00 83.84 167.15 173.96 102.34 91.70 93.12 92.75 70.45 100.94 64.38 135.95 145.20 20.57 32.56 24.86 66.12 30.56 16.12 74.07 92.77 81.35 75.48 82.37 102.41 88.12 55.74 36.91 73.83 107.78 49.56 101.46 48.77 49.22 94.31 55.26 109.45 98.89 101.05 103.44 105.11 107.47 107.00 113.17 112.26 79.01 58.41 44.25 69.28 42.09 49.58 73.40 56.08 42.10 42.52 82.59 165.52 171.93 136.53 144.47 134.93 80.99 156.31 156.18 156.22 98.54 54.29 95.00 100.28 115.63 83.43 79.59 39.80 97.01 96.66 97.52 102.53 17.81 13.57 153.10 156.85 66.48 52.91 47.79 34.23 31.47 31.93 35.15 58.35 162.02 167.07 175.60 16.07 52.94 71.22 43.07 22.96 23.52 137.60 107.96 37.26 33.07 58.87 70.69 30.14 41.14
131.54 137.45 122.94 72.62 72.62 30.10 29.26 140.57 121.45 124.11 160.76 54.11 42.20 38.49 48.03 40.21 39.49 54.02 138.54 143.76 38.73 47.61 41.52 40.87 30.89 67.49 61.52 53.47 54.47 157.62 158.67 125.56 120.64 162.81 165.31 39.56 35.53 25.87 0.00 61.20 120.97 71.30 99.80 97.06 59.64 63.08 154.36 161.46 84.59 72.39 74.04 73.60 55.48 80.37 70.15 133.13 142.22 36.81 46.00 41.83 68.60 49.63 41.85 79.52 96.35 77.49 67.49 86.12 86.19 78.56 47.15 11.97 69.88 87.71 48.35 99.06 51.56 46.61 98.31 43.21 100.13 89.14 91.39 93.89 96.31 98.81 103.94 104.11 111.75 84.54 64.22 57.18 46.02 28.55 28.61 48.05 38.54 44.25 48.22 58.65 161.67 158.44 132.64 129.39 117.17 59.98 148.56 148.55 148.56 89.57 50.57 93.77 87.08 97.12 63.87 69.08 14.51 84.94 101.26 96.51 103.11 43.39 31.46 149.83 142.84 42.93 31.44 25.76 16.57 44.75 45.93 23.83 34.54 160.68 165.78 163.96 14.24 61.04 45.42 51.66 48.48 2.36 131.34 105.38 14.39 7.60 36.11 50.03 47.38 39.44
79.85 77.29 87.88 68.18 11.75 88.34 87.55 104.86 88.52 67.08 104.25 112.48 102.59 98.67 105.30 97.98 75.89 25.96 98.81 110.06 99.04 108.71 102.21 102.06 88.01 18.14 16.98 19.35 28.46 107.15 105.81 80.14 66.33 111.53 130.42 42.29 46.37 57.66 61.20 0.00 62.89 54.04 39.06 76.06 68.73 68.60 119.87 125.93 72.93 69.48 69.80 69.71 45.16 80.29 9.72 79.02 88.24 78.02 89.99 81.82 8.50 85.83 63.57 18.38 35.65 28.28 31.65 25.24 68.99 43.34 27.31 60.87 22.77 84.06 14.66 45.03 9.66 17.38 37.44 34.68 60.57 52.23 53.86 55.72 55.91 57.78 50.84 63.50 54.76 23.37 5.71 22.82 68.41 39.70 53.58 81.59 46.85 17.03 15.16 79.79 108.77 125.63 80.17 102.82 100.51 67.55 102.67 102.42 102.50 50.55 17.25 38.08 60.22 85.82 64.62 39.48 62.84 55.24 40.21 40.41 44.89 57.73 71.16 96.19 112.25 98.33 90.76 85.19 77.73 29.04 29.57 39.67 64.71 104.46 109.49 126.21 50.43 10.81 90.51 16.35 58.63 60.64 83.06 51.43 56.30 66.47 93.60 60.49 35.03 22.19
26.88 20.16 61.47 89.62 54.52 149.86 149.05 70.90 65.01 5.83 41.51 166.71 159.55 155.50 158.98 152.60 122.13 69.04 60.73 77.42 156.02 166.89 159.62 160.83 142.99 53.58 59.60 67.83 69.64 50.52 46.18 39.97 14.04 53.37 91.54 104.41 108.89 120.55 120.97 62.89 0.00 73.95 26.90 75.37 100.85 98.09 83.65 87.02 84.50 91.47 90.42 90.69 79.65 98.94 57.21 21.13 28.85 140.90 152.86 144.62 54.44 148.29 125.60 48.19 29.46 44.73 58.36 39.06 77.24 54.47 75.51 117.35 51.83 97.58 73.01 23.85 71.94 74.46 28.84 81.88 45.88 50.40 49.31 48.19 44.64 43.46 21.62 44.28 9.74 44.00 62.76 81.03 109.58 94.27 104.02 124.44 93.05 79.01 78.05 115.35 48.89 90.41 25.40 82.24 93.10 99.19 53.70 53.12 53.31 47.54 70.41 27.43 63.98 90.76 92.71 62.13 118.46 60.03 28.24 24.65 18.07 119.32 134.05 36.38 83.25 151.16 147.16 142.03 137.38 91.01 91.20 97.36 111.89 41.86 46.80 84.29 112.21 69.19 137.98 78.29 119.31 120.91 35.88 19.33 112.36 124.75 148.35 98.33 95.84 82.10
71.62 94.06 52.32 16.54 60.57 100.56 99.73 69.63 50.43 74.03 104.74 101.38 98.44 94.57 93.58 88.85 53.62 29.60 68.79 72.53 95.28 107.22 99.26 102.83 80.73 38.63 37.25 36.19 27.15 93.73 97.33 60.15 66.33 99.41 94.06 81.96 83.07 86.26 71.30 54.04 73.95 0.00 68.05 26.48 27.40 24.25 83.12 90.27 18.96 18.31 17.78 17.90 16.00 27.99 60.59 76.29 83.95 104.81 115.73 109.75 52.10 116.50 99.48 62.65 65.61 36.58 23.75 60.85 16.48 19.77 32.89 61.93 35.21 30.34 46.23 50.87 53.21 44.34 67.92 31.12 34.53 25.01 26.87 28.99 32.57 34.83 52.35 38.39 64.58 64.93 59.55 73.94 39.31 44.56 44.02 53.39 32.84 54.00 59.40 41.98 100.17 87.14 73.56 58.45 49.50 25.74 81.53 81.69 81.64 27.29 40.23 50.88 16.56 32.25 18.89 15.77 61.35 16.56 71.35 53.06 61.51 96.23 98.09 90.28 71.58 85.47 86.43 82.66 84.23 72.86 74.16 51.30 46.01 104.12 108.90 93.05 71.15 64.32 68.70 64.61 99.42 72.59 67.74 54.62 57.61 70.91 85.18 28.04 80.04 49.83
