90
0.00 8.94 115.56 112.05 91.13 194.36 176.97 192.83 36.63 92.39 34.93 91.33 44.83 84.97 91.37 73.62 40.05 39.50 43.14 41.74 26.55 193.44 163.54 139.63 137.32 125.00 125.16 125.16 92.74 111.64 80.53 130.58 129.42 127.67 147.97 143.02 139.34 137.10 129.43 125.75 130.76 132.50 150.22 133.50 138.50 92.82 70.50 58.77 100.01 68.66 69.37 77.54 75.08 180.50 115.32 123.55 128.02 119.49 77.18 82.05 73.12 116.39 118.80 120.92 191.81 47.99 36.09 79.01 71.99 81.03 173.31 182.06 91.39 91.65 0.00 6.56 48.71 47.38 161.07 93.58 176.04 176.28 103.25 166.44 179.09 8.85 89.82 71.31 20.52 85.45
8.94 0.00 123.70 118.68 99.08 201.42 183.19 197.53 42.68 101.32 42.45 100.27 52.00 93.84 99.61 81.28 48.22 47.30 52.08 50.63 35.47 198.02 170.14 147.71 144.92 131.56 132.18 132.18 96.07 116.54 85.10 134.53 134.42 132.68 155.68 150.84 146.69 144.30 136.14 130.00 134.91 138.55 157.34 137.75 142.68 101.46 77.32 62.92 108.90 73.24 72.68 84.96 82.17 185.27 122.31 130.37 135.86 127.29 81.04 88.17 79.46 123.85 126.21 128.54 198.66 55.44 43.83 84.68 77.44 87.23 177.94 188.77 99.62 99.38 8.94 2.80 57.62 56.20 167.30 101.10 182.18 182.41 110.61 172.68 185.42 17.75 97.60 79.46 28.32 94.12
115.56 123.70 0.00 36.35 25.08 86.10 81.55 116.60 84.57 54.19 81.57 48.85 73.07 64.63 89.28 99.02 96.19 100.22 80.27 83.31 91.07 118.81 64.63 24.12 27.02 40.36 31.30 31.30 82.93 65.15 69.92 85.67 69.21 68.35 35.07 29.30 33.17 34.13 39.23 79.16 82.79 53.16 45.61 82.68 86.28 28.80 52.56 80.77 37.81 73.41 84.20 41.67 46.54 105.74 29.44 34.79 15.50 10.72 77.80 52.21 54.99 18.74 20.48 16.01 86.18 69.07 79.99 58.67 64.05 51.77 102.16 78.94 89.29 101.01 115.56 121.93 78.08 82.07 68.49 27.29 81.99 82.23 23.68 72.48 81.59 107.16 99.70 90.00 106.91 74.81
112.05 118.68 36.35 0.00 33.85 83.31 65.44 90.23 76.04 81.45 77.51 75.60 67.36 89.26 114.65 118.82 105.47 109.46 88.23 91.41 92.69 91.86 51.50 47.16 34.70 12.99 15.57 15.57 51.37 29.16 43.62 49.48 33.93 32.82 45.46 43.33 32.20 28.44 17.52 42.88 46.72 23.25 40.07 46.89 50.87 53.09 41.58 61.97 67.81 51.88 60.34 36.85 37.55 78.22 7.93 12.22 33.19 28.06 51.71 31.34 39.34 18.50 18.19 23.97 80.08 64.73 76.80 36.52 43.93 31.98 72.96 70.10 114.66 125.40 112.05 117.62 88.52 92.72 49.65 24.91 64.78 65.02 16.85 54.91 67.26 105.00 123.76 109.67 109.86 99.40
91.13 99.08 25.08 33.85 0.00 105.87 95.02 123.76 59.49 48.42 56.75 42.58 48.03 55.53 80.86 85.39 75.72 79.79 58.87 62.04 67.54 125.49 79.08 48.74 46.88 44.60 39.78 39.78 66.11 56.27 50.35 79.67 66.56 65.20 57.10 51.97 50.30 49.14 46.66 72.85 77.47 56.72 62.35 78.34 82.86 20.81 28.48 57.22 36.88 51.19 62.37 17.19 22.57 111.88 31.73 40.50 36.96 28.53 57.47 32.18 32.14 27.53 30.26 30.75 104.62 44.09 55.26 38.17 41.97 31.27 106.78 95.98 80.87 91.55 91.13 97.40 57.86 62.05 80.02 9.60 94.86 95.11 17.51 84.87 96.02 82.91 89.91 76.20 84.01 65.60
194.36 201.42 86.10 83.31 105.87 0.00 32.04 69.63 159.00 138.18 159.46 133.45 149.54 149.45 172.78 184.68 181.27 185.34 164.66 167.81 172.79 72.76 34.28 65.58 59.55 70.95 69.24 69.24 125.71 97.22 124.50 97.69 83.24 84.33 51.32 57.29 55.62 57.36 65.85 95.82 94.58 68.11 44.15 91.77 90.54 114.89 124.12 144.78 121.32 134.33 141.32 116.99 119.29 67.41 79.11 71.26 70.76 78.15 131.96 114.63 122.55 78.69 76.09 75.15 7.85 146.42 158.45 119.50 127.00 115.29 71.16 16.97 172.79 184.77 194.36 200.19 163.22 167.33 42.04 101.30 34.54 34.49 91.34 37.86 27.97 186.81 183.68 175.79 189.61 159.28
176.97 183.19 81.55 65.44 95.02 32.04 0.00 42.91 140.55 135.73 142.77 130.32 132.58 145.92 170.80 179.25 170.04 174.08 152.87 156.07 158.12 45.91 16.98 68.21 55.54 52.50 55.25 55.25 99.29 71.29 101.32 67.45 55.13 56.50 52.99 58.18 48.48 47.56 48.92 66.57 64.56 44.75 36.44 61.56 59.68 109.07 106.82 122.98 119.31 112.24 117.56 102.06 102.99 37.42 64.05 55.16 66.65 71.42 108.01 95.03 103.85 68.02 65.28 66.85 24.64 130.10 142.15 98.78 106.22 95.99 39.88 15.75 170.81 182.47 176.97 182.32 152.56 156.76 15.90 88.11 2.51 2.50 78.14 10.55 4.07 170.21 181.11 170.08 175.29 156.18
192.83 197.53 116.60 90.23 123.76 69.63 42.91 0.00 156.54 169.36 161.22 163.63 151.26 178.35 203.75 209.03 194.16 198.03 177.03 180.15 178.53 3.13 57.16 108.06 93.47 79.33 86.18 86.18 103.48 81.21 112.44 64.53 63.61 65.36 93.58 98.06 85.67 83.28 78.35 67.95 63.39 67.07 75.48 60.33 55.74 141.29 126.97 134.65 153.90 124.31 125.92 125.73 124.84 12.41 92.32 84.03 103.31 105.90 116.88 113.05 122.29 99.84 97.35 100.71 61.87 149.83 161.16 114.60 121.14 114.34 19.63 56.91 203.76 214.90 192.83 197.25 177.99 182.13 49.55 115.13 40.94 40.81 106.28 47.26 45.83 187.46 213.34 199.87 195.47 188.63
36.63 42.68 84.57 76.04 59.49 159.00 140.55 156.54 0.00 77.06 10.00 73.87 11.96 74.06 90.11 79.43 48.82 51.36 37.52 39.00 26.84 157.24 127.47 108.01 103.57 88.89 89.80 89.80 59.10 75.33 44.82 95.28 93.00 91.24 114.56 110.06 104.75 102.14 93.53 90.07 95.17 95.97 115.04 97.78 102.85 67.16 34.96 24.78 78.76 33.20 36.84 43.72 40.20 144.17 79.93 87.82 95.27 86.66 42.86 45.53 36.78 82.26 84.48 87.31 156.09 16.26 11.99 42.39 35.45 44.56 137.09 146.14 90.13 95.05 36.63 41.78 42.82 44.82 124.65 59.85 139.56 139.80 68.88 130.03 142.75 30.95 93.03 73.16 41.15 78.92
92.39 101.32 54.19 81.45 48.42 138.18 135.73 169.36 77.06 0.00 68.63 5.86 66.31 11.83 35.10 47.61 58.36 61.61 49.25 50.92 66.14 171.36 118.82 72.65 80.84 90.43 83.19 83.19 109.76 104.41 92.15 128.00 114.84 113.53 87.05 81.07 87.34 88.23 91.01 121.19 125.85 103.24 99.73 126.76 131.26 28.39 65.12 89.20 16.86 88.12 98.76 56.76 61.62 157.96 77.58 85.44 69.38 64.41 97.35 75.88 71.29 69.54 72.06 69.26 139.20 62.41 66.38 80.30 80.76 74.57 153.52 132.66 35.11 46.91 92.39 98.79 43.90 46.07 122.36 58.02 136.13 136.38 64.60 126.53 135.77 83.68 45.68 39.47 75.99 21.11
34.93 42.45 81.57 77.51 56.75 159.46 142.77 161.22 10.00 68.63 0.00 65.83 10.20 64.88 80.22 69.47 39.48 42.28 27.52 29.06 18.39 162.09 128.94 105.47 102.49 90.50 90.30 90.30 66.78 80.36 51.22 101.45 97.62 95.88 113.23 108.40 104.42 102.18 94.77 95.89 101.07 98.66 115.31 103.52 108.63 61.48 35.96 33.24 71.75 40.21 45.49 42.62 40.24 148.81 80.49 88.82 93.44 84.86 50.47 48.56 39.36 81.48 83.89 86.11 157.01 13.06 2.25 46.63 40.48 47.39 141.96 147.34 80.23 85.05 34.93 40.95 32.83 34.82 126.89 58.70 141.95 142.19 68.33 132.22 144.73 27.50 83.03 63.16 34.45 69.30
91.33 100.27 48.85 75.60 42.58 133.45 130.32 163.63 73.87 5.86 65.83 0.00 62.78 16.00 40.50 51.58 59.10 62.57 48.45 50.42 64.86 165.62 113.45 68.08 75.66 84.64 77.49 77.49 104.43 98.63 86.93 122.19 108.99 107.67 82.21 76.23 82.02 82.78 85.29 115.38 120.03 97.42 94.45 120.92 125.41 22.55 60.02 84.81 12.48 83.28 94.05 51.34 56.31 152.20 71.76 79.68 64.16 58.93 92.32 70.42 66.11 63.84 66.39 63.71 134.28 58.75 63.60 74.99 75.70 69.13 147.72 127.56 40.50 52.17 91.33 97.81 43.48 46.10 116.82 52.18 130.69 130.93 58.74 121.04 130.43 82.54 50.85 43.06 75.83 26.00
44.83 52.00 73.07 67.36 48.03 149.54 132.58 151.26 11.96 66.31 10.20 62.78 0.00 64.31 82.34 74.05 46.78 50.01 32.32 34.59 27.52 152.17 118.82 96.72 93.03 80.34 80.33 80.33 58.79 70.61 42.37 92.15 87.71 85.97 103.89 99.20 94.69 92.33 84.66 86.43 91.63 88.47 105.42 93.99 99.11 55.21 25.79 27.06 67.09 32.07 39.07 33.00 30.25 138.85 70.49 78.75 84.30 75.69 42.65 38.43 29.21 71.87 74.22 76.67 146.98 4.31 9.90 36.79 31.02 37.24 132.06 137.27 82.36 88.42 44.83 50.67 36.62 39.49 116.70 49.18 131.75 132.00 58.61 122.03 134.56 37.64 86.41 66.89 44.22 70.09
84.97 93.84 64.63 89.26 55.53 149.45 145.92 178.35 74.06 11.83 64.88 16.00 64.31 0.00 25.43 35.82 48.70 51.63 42.16 43.25 59.46 180.25 129.11 84.05 91.53 99.09 92.45 92.45 112.82 110.30 94.93 134.11 121.97 120.56 98.21 92.22 97.76 98.36 100.12 127.33 132.17 111.69 110.23 133.31 137.98 37.16 67.75 89.16 28.29 89.50 99.60 60.92 65.16 166.74 86.11 94.33 80.02 74.51 99.32 79.88 74.14 78.85 81.47 79.14 150.26 60.81 62.64 83.60 83.00 78.50 161.98 143.46 25.43 36.66 84.97 91.20 36.34 37.70 132.17 64.94 146.22 146.47 72.54 136.50 146.13 76.50 35.22 27.64 67.33 10.30
91.37 99.61 89.28 114.65 80.86 172.78 170.80 203.75 90.11 35.10 80.22 40.50 82.34 25.43 0.00 21.72 51.39 52.60 53.40 52.95 69.48 205.66 153.91 107.20 115.93 124.51 117.77 117.77 135.46 135.00 117.50 158.85 147.16 145.73 121.88 115.92 122.44 123.27 125.48 152.11 157.02 137.11 134.83 158.27 163.00 62.49 90.66 108.83 51.80 110.80 120.12 85.03 88.81 192.16 111.54 119.73 104.48 99.43 121.07 103.63 97.10 104.14 106.73 104.20 174.06 79.56 78.14 106.77 105.27 102.21 187.40 167.70 0.02 12.00 91.37 96.82 47.62 46.62 157.30 90.20 171.18 171.42 97.96 161.53 170.87 83.99 11.14 20.21 71.33 15.26
73.62 81.28 99.02 118.82 85.39 184.68 179.25 209.03 79.43 47.61 69.47 51.58 74.05 35.82 21.72 0.00 34.08 34.12 42.05 40.43 55.24 210.68 162.69 119.56 126.03 129.99 124.57 124.57 131.17 135.28 113.51 158.94 149.32 147.75 133.36 127.39 131.77 131.91 131.85 152.42 157.53 141.97 144.31 159.17 164.12 70.44 88.19 101.11 64.02 105.08 113.08 85.17 87.78 197.03 117.09 125.77 114.52 108.28 115.69 102.24 94.45 111.33 114.04 112.52 185.15 72.22 67.68 104.15 101.17 100.78 191.61 177.90 21.73 18.11 73.62 78.49 37.44 34.74 164.83 93.91 179.34 179.59 102.89 169.45 179.78 67.16 16.40 9.20 53.12 27.34
40.05 48.22 96.19 105.47 75.72 181.27 170.04 194.16 48.82 58.36 39.48 59.10 46.78 48.70 51.39 34.08 0.00 4.07 17.25 14.07 22.45 195.39 154.55 119.64 121.80 118.01 114.98 114.98 105.56 115.42 89.00 137.98 131.51 129.82 131.10 125.44 125.90 124.86 121.14 131.94 137.16 128.43 138.06 139.29 144.40 68.61 67.59 72.68 70.18 78.83 84.93 68.77 69.33 181.82 106.00 114.89 110.92 103.16 89.36 81.92 72.97 103.25 105.96 106.19 180.29 46.48 38.22 81.98 77.21 80.52 175.54 171.69 51.40 51.87 40.05 45.43 18.11 14.16 154.60 81.93 169.67 169.92 91.96 159.68 171.32 33.13 49.99 31.26 19.98 46.92
39.50 47.30 100.22 109.46 79.79 185.34 174.08 198.03 51.36 61.61 42.28 62.57 50.01 51.63 52.60 34.12 4.07 0.00 21.24 18.05 24.63 199.24 158.60 123.64 125.86 122.02 119.03 119.03 108.71 119.09 92.33 141.54 135.28 133.58 135.14 129.48 129.97 128.93 125.18 135.54 140.76 132.39 142.13 142.92 148.03 72.57 71.34 75.52 73.82 81.99 87.77 72.72 73.19 185.67 110.03 118.93 114.97 107.23 92.47 85.63 76.64 107.32 110.03 110.26 184.36 49.92 41.16 85.55 80.64 84.25 179.36 175.76 52.61 52.15 39.50 44.50 22.16 18.16 158.62 85.98 173.70 173.95 96.01 163.71 175.37 33.24 50.34 32.39 19.03 49.21
43.14 52.08 80.27 88.23 58.87 164.66 152.87 177.03 37.52 49.25 27.52 48.45 32.32 42.16 53.40 42.05 17.25 21.24 0.00 3.20 17.31 178.28 137.47 104.07 105.33 100.77 97.88 97.88 90.64 98.76 73.51 121.62 114.57 112.89 114.91 109.36 109.15 107.97 103.96 115.46 120.67 111.19 121.21 122.71 127.80 53.72 50.77 59.27 58.00 64.08 71.37 51.53 52.22 164.70 88.82 97.71 94.66 86.70 74.72 65.17 56.40 86.35 89.05 89.51 163.48 31.08 25.66 65.65 61.42 63.75 158.48 154.75 53.42 57.58 43.14 49.53 6.00 7.32 137.39 64.79 152.47 152.72 74.84 142.48 154.19 34.49 55.57 35.66 27.93 44.14
41.74 50.63 83.31 91.41 62.04 167.81 156.07 180.15 39.00 50.92 29.06 50.42 34.59 43.25 52.95 40.43 14.07 18.05 3.20 0.00 16.77 181.39 140.66 107.06 108.45 103.97 101.08 101.08 93.15 101.72 76.15 124.51 117.62 115.94 118.00 112.43 112.32 111.15 107.16 118.38 123.59 114.36 124.39 125.66 130.75 56.55 53.77 61.37 60.32 66.52 73.53 54.70 55.32 167.81 92.02 100.91 97.75 89.83 77.15 68.15 59.32 89.53 92.23 92.66 166.66 33.61 27.34 68.51 64.13 66.74 161.57 157.94 52.96 56.48 41.74 48.02 7.03 6.33 140.59 67.99 155.67 155.92 78.04 145.68 157.39 33.26 54.48 34.56 25.53 44.50
26.55 35.47 91.07 92.69 67.54 172.79 158.12 178.53 26.84 66.14 18.39 64.86 27.52 59.46 69.48 55.24 22.45 24.63 17.31 16.77 0.00 179.51 143.60 115.18 114.38 105.63 104.29 104.29 85.15 98.11 69.53 119.62 115.08 113.34 124.62 119.39 117.24 115.47 109.49 113.94 119.14 114.72 128.75 121.51 126.63 66.85 51.92 51.35 73.48 58.59 63.54 56.26 55.17 166.13 94.70 103.36 104.42 96.05 68.84 65.50 56.25 94.13 96.70 98.10 170.90 28.72 17.78 64.27 58.50 64.23 159.43 161.61 69.49 72.21 26.55 33.09 23.24 23.04 142.33 71.51 157.46 157.71 81.54 147.60 159.84 17.72 70.24 50.48 17.19 61.24
193.44 198.02 118.81 91.86 125.49 72.76 45.91 3.13 157.24 171.36 162.09 165.62 152.17 180.25 205.66 210.68 195.39 199.24 178.28 181.39 179.51 0.00 59.95 110.67 95.96 81.17 88.24 88.24 103.57 81.91 112.97 64.51 64.46 66.21 96.28 100.69 88.14 85.65 80.36 68.21 63.53 68.77 78.11 60.52 55.82 143.23 128.07 135.11 156.00 124.84 126.18 127.08 126.07 13.66 94.16 85.96 105.68 108.10 117.23 114.07 123.29 101.88 99.42 102.88 65.00 150.82 162.07 115.45 121.90 115.38 20.15 60.00 205.67 216.75 193.44 197.78 179.34 183.47 52.14 116.77 43.91 43.78 108.03 50.01 48.88 188.18 215.18 201.52 196.39 190.51
163.54 170.14 64.63 51.50 79.08 34.28 16.98 57.16 127.47 118.82 128.94 113.45 118.82 129.11 153.91 162.69 154.55 158.60 137.47 140.66 143.60 59.95 0.00 51.64 38.57 38.58 39.59 39.59 91.44 62.95 90.79 64.85 49.34 50.33 36.67 41.58 31.52 30.80 34.18 62.28 61.59 33.96 19.50 59.02 58.56 92.38 93.05 111.63 102.36 101.02 107.50 87.35 88.79 49.23 48.93 40.25 49.67 54.61 98.06 82.27 90.71 51.75 49.00 50.18 29.41 116.07 128.17 86.67 94.18 83.09 49.34 18.90 153.92 165.61 163.54 169.11 136.87 141.07 10.21 72.72 17.75 17.97 62.64 10.00 17.09 156.44 164.27 153.54 160.71 139.34
139.63 147.71 24.12 47.16 48.74 65.58 68.21 108.06 108.01 72.65 105.47 68.08 96.72 84.05 107.20 119.56 119.64 123.64 104.07 107.06 115.18 110.67 51.64 0.00 16.08 44.03 34.33 34.33 98.26 75.41 88.06 91.60 73.67 73.35 15.42 10.07 23.71 27.53 40.03 85.88 88.34 54.22 32.59 87.35 89.82 51.23 74.78 101.94 55.82 93.54 103.70 64.50 68.87 98.72 39.25 39.09 14.38 22.22 96.21 71.70 76.21 30.04 29.33 23.97 67.08 92.82 103.94 78.07 84.36 71.59 96.85 61.72 107.20 119.18 139.63 145.97 101.59 105.49 58.53 48.87 69.30 69.51 41.89 61.10 67.18 131.25 118.10 110.81 130.94 93.77
137.32 144.92 27.02 34.70 46.88 59.55 55.54 93.47 103.57 80.84 102.49 75.66 93.03 91.53 115.93 126.03 121.80 125.86 105.33 108.45 114.38 95.96 38.57 16.08 0.00 29.00 19.98 19.98 85.95 61.30 77.76 76.06 58.02 57.81 11.22 8.82 7.90 11.45 24.47 70.55 72.75 38.32 19.11 71.62 73.92 55.72 68.96 94.07 64.17 84.77 94.15 60.03 63.41 83.63 27.28 24.64 11.53 18.64 85.94 63.05 69.08 21.38 19.40 16.39 59.24 89.48 101.23 69.09 76.00 63.23 81.34 51.94 115.93 127.75 137.32 143.43 103.72 107.81 44.06 43.85 56.27 56.50 34.76 47.29 55.19 129.34 126.49 117.00 130.90 101.66
125.00 131.56 40.36 12.99 44.60 70.95 52.50 79.33 88.89 90.43 90.50 84.64 80.34 99.09 124.51 129.99 118.01 122.02 100.77 103.97 105.63 81.17 38.58 44.03 29.00 0.00 9.96 9.96 58.97 32.64 54.20 47.69 30.01 29.52 38.26 37.74 23.96 19.54 5.58 41.85 44.50 12.96 28.87 43.77 46.76 62.15 54.55 73.86 75.64 63.48 71.10 49.62 50.52 67.65 12.99 5.61 31.96 30.14 62.02 43.82 52.14 21.81 19.88 24.92 67.40 77.72 89.79 48.55 56.06 44.58 63.10 57.29 124.51 135.58 125.00 130.54 100.83 105.04 36.75 36.51 51.89 52.13 27.10 41.98 54.27 117.98 134.01 120.80 122.80 109.34
125.16 132.18 31.30 15.57 39.78 69.24 55.25 86.18 89.80 83.19 90.30 77.49 80.33 92.45 117.77 124.57 114.98 119.03 97.88 101.08 104.29 88.24 39.59 34.33 19.98 9.96 0.00 0.00 66.19 41.38 59.19 57.61 39.97 39.46 30.22 28.80 16.64 12.92 7.97 51.69 54.43 22.06 25.25 53.72 56.68 55.30 54.88 77.20 67.79 67.29 75.91 48.09 50.08 74.94 9.88 4.76 22.01 20.76 67.27 46.26 53.60 13.66 11.19 15.43 66.74 77.30 89.37 51.78 59.08 46.74 71.01 57.32 117.77 129.10 125.16 130.96 97.37 101.57 40.31 33.13 55.08 55.33 23.05 45.10 56.36 117.73 127.61 115.38 121.33 102.75
125.16 132.18 31.30 15.57 39.78 69.24 55.25 86.18 89.80 83.19 90.30 77.49 80.33 92.45 117.77 124.57 114.98 119.03 97.88 101.08 104.29 88.24 39.59 34.33 19.98 9.96 0.00 0.00 66.19 41.38 59.19 57.61 39.97 39.46 30.22 28.80 16.64 12.92 7.97 51.69 54.43 22.06 25.25 53.72 56.68 55.30 54.88 77.20 67.79 67.29 75.91 48.09 50.08 74.94 9.88 4.76 22.01 20.76 67.27 46.26 53.60 13.66 11.19 15.43 66.74 77.30 89.37 51.78 59.08 46.74 71.01 57.32 117.77 129.10 125.16 130.96 97.37 101.57 40.31 33.13 55.08 55.33 23.05 45.10 56.36 117.73 127.61 115.38 121.33 102.75
92.74 96.07 82.93 51.37 66.11 125.71 99.29 103.48 59.10 109.76 66.78 104.43 58.79 112.82 135.46 131.17 105.56 108.71 90.64 93.15 85.15 103.57 91.44 98.26 85.95 58.97 66.19 66.19 0.00 28.49 17.96 39.10 44.39 42.90 96.41 94.66 82.50 78.26 64.52 35.75 40.10 57.78 87.39 43.20 47.76 85.80 45.08 34.47 101.97 26.72 23.42 53.15 48.14 91.64 59.14 61.84 84.01 77.51 16.31 34.35 38.69 68.48 68.94 74.46 120.49 59.56 67.64 29.45 30.24 35.52 83.93 109.78 135.47 143.56 92.74 96.22 94.15 97.52 84.76 58.16 97.55 97.75 59.25 89.82 102.56 89.05 141.61 123.17 100.24 121.20
111.64 116.54 65.15 29.16 56.27 97.22 71.29 81.21 75.33 104.41 80.36 98.63 70.61 110.30 135.00 135.28 115.42 119.09 98.76 101.72 98.11 81.91 62.95 75.41 61.30 32.64 41.38 41.38 28.49 0.00 31.58 23.85 17.92 16.20 70.89 70.11 56.59 52.15 37.92 17.17 22.24 29.41 59.86 24.00 29.06 77.05 48.01 53.93 92.91 43.34 46.75 50.30 47.54 68.86 36.90 36.67 61.93 57.22 37.23 33.60 42.45 47.66 47.20 53.01 92.04 69.63 80.48 33.84 40.01 35.03 61.76 81.33 135.01 144.72 111.64 116.16 100.74 104.68 56.43 46.74 69.69 69.90 42.98 61.57 74.42 106.27 142.91 126.49 114.78 119.88
80.53 85.10 69.92 43.62 50.35 124.50 101.32 112.44 44.82 92.15 51.22 86.93 42.37 94.93 117.50 113.51 89.00 92.33 73.51 76.15 69.53 112.97 90.79 88.06 77.76 54.20 59.19 59.19 17.96 31.58 0.00 50.46 49.50 47.78 88.80 86.07 75.82 72.01 59.68 45.29 50.37 57.04 82.99 53.03 58.07 69.14 27.20 22.34 85.15 11.88 16.90 35.96 30.68 100.17 50.52 55.52 73.69 66.24 8.19 18.23 20.89 58.08 59.15 64.14 120.19 42.58 51.77 12.29 12.36 19.08 92.86 109.65 117.51 125.65 80.53 84.81 76.73 80.23 85.81 43.47 99.93 100.16 46.80 91.14 104.11 75.68 123.71 105.40 85.46 103.24
130.58 134.53 85.67 49.48 79.67 97.69 67.45 64.53 95.28 128.00 101.45 122.19 92.15 134.11 158.85 158.94 137.98 141.54 121.62 124.51 119.62 64.51 64.85 91.60 76.06 47.69 57.61 57.61 39.10 23.85 50.46 0.00 18.09 18.25 83.76 84.50 69.70 65.25 51.62 6.82 3.41 38.17 68.82 5.92 8.95 100.33 71.15 71.82 115.96 62.14 62.05 74.11 71.16 52.93 56.28 52.99 79.55 76.54 53.49 56.83 65.26 67.19 66.07 71.70 91.19 91.68 101.84 56.02 61.13 58.29 45.11 80.78 158.86 168.57 130.58 134.49 123.92 127.78 55.78 70.08 65.29 65.44 65.18 59.85 71.26 126.07 166.75 150.20 135.83 143.72
129.42 134.42 69.21 33.93 66.56 83.24 55.13 63.61 93.00 114.84 97.62 108.99 87.71 121.97 147.16 149.32 131.51 135.28 114.57 117.62 115.08 64.46 49.34 73.67 58.02 30.01 39.97 39.97 44.39 17.92 49.50 18.09 0.00 1.75 65.69 66.42 51.61 47.17 33.64 13.44 14.74 20.10 51.11 13.75 17.07 86.63 63.95 71.85 101.66 61.26 64.40 64.29 62.50 51.22 39.84 35.47 61.97 59.58 54.95 49.75 58.92 50.50 49.10 54.56 77.36 86.42 97.61 51.00 57.56 51.10 44.36 66.69 147.17 157.47 129.42 134.01 116.08 120.13 41.35 57.05 53.30 53.49 50.55 46.11 58.56 123.88 155.74 140.33 131.93 131.91
127.67 132.68 68.35 32.82 65.20 84.33 56.50 65.36 91.24 113.53 95.88 107.67 85.97 120.56 145.73 147.75 129.82 133.58 112.89 115.94 113.34 66.21 50.33 73.35 57.81 29.52 39.46 39.46 42.90 16.20 47.78 18.25 1.75 0.00 65.71 66.29 51.55 47.08 33.37 13.07 14.99 20.23 51.48 14.37 18.06 85.36 62.25 70.12 100.47 59.52 62.73 62.69 60.85 52.97 38.93 34.90 61.45 58.84 53.27 48.03 57.19 49.68 48.35 53.87 78.54 84.69 95.87 49.25 55.81 49.38 46.10 67.85 145.74 156.00 127.67 132.26 114.42 118.47 42.53 55.67 54.71 54.90 49.34 47.36 59.89 122.13 154.26 138.78 130.19 130.48
147.97 155.68 35.07 45.46 57.10 51.32 52.99 93.58 114.56 87.05 113.23 82.21 103.89 98.21 121.88 133.36 131.10 135.14 114.91 118.00 124.62 96.28 36.67 15.42 11.22 38.26 30.22 30.22 96.41 70.89 88.80 83.76 65.69 65.71 0.00 5.98 14.36 18.86 33.13 78.70 80.39 45.60 18.46 78.93 80.70 63.73 80.06 105.29 70.19 95.96 105.26 70.92 74.46 84.77 38.28 34.63 20.28 28.58 96.95 74.26 80.29 32.52 30.62 27.25 52.17 100.27 111.91 80.28 87.22 74.45 83.51 46.37 121.88 133.83 147.97 154.14 112.98 117.01 44.29 54.74 54.18 54.38 45.88 46.37 51.83 139.89 132.68 124.47 140.95 108.11
143.02 150.84 29.30 43.33 51.97 57.29 58.18 98.06 110.06 81.07 108.40 76.23 99.20 92.22 115.92 127.39 125.44 129.48 109.36 112.43 119.39 100.69 41.58 10.07 8.82 37.74 28.80 28.80 94.66 70.11 86.07 84.50 66.42 66.29 5.98 0.00 15.01 19.32 33.06 79.12 81.17 46.53 22.58 79.93 82.04 57.86 75.85 101.74 64.21 92.69 102.30 66.35 70.13 88.86 35.76 33.46 15.01 23.55 94.25 70.86 76.43 28.68 27.11 23.00 58.14 95.50 107.03 77.02 83.77 70.95 87.18 52.17 115.92 127.86 143.02 149.25 107.33 111.34 48.55 50.23 59.25 59.46 41.81 51.04 57.22 134.87 126.70 118.51 135.60 102.13
139.34 146.69 33.17 32.20 50.30 55.62 48.48 85.67 104.75 87.34 104.42 82.02 94.69 97.76 122.44 131.77 125.90 129.97 109.15 112.32 117.24 88.14 31.52 23.71 7.90 23.96 16.64 16.64 82.50 56.59 75.82 69.70 51.61 51.55 14.36 15.01 0.00 4.51 18.78 64.49 66.35 31.61 12.53 65.03 67.05 61.34 69.83 93.45 70.84 83.71 92.51 61.80 64.60 75.75 25.75 20.69 18.19 23.51 83.91 62.40 69.23 23.11 20.58 19.74 54.41 91.36 103.30 68.12 75.31 62.76 73.45 46.28 122.45 134.18 139.34 145.32 107.92 112.06 36.37 45.86 49.05 49.28 36.09 39.82 48.42 131.60 132.86 122.68 134.01 107.96
137.10 144.30 34.13 28.44 49.14 57.36 47.56 83.28 102.14 88.23 102.18 82.78 92.33 98.36 123.27 131.91 124.86 128.93 107.97 111.15 115.47 85.65 30.80 27.53 11.45 19.54 12.92 12.92 78.26 52.15 72.01 65.25 47.17 47.08 18.86 19.32 4.51 0.00 14.29 60.00 61.91 27.21 13.29 60.62 62.73 61.57 67.19 90.09 71.94 80.20 88.78 59.64 62.13 73.01 22.50 16.59 20.04 23.86 80.06 59.11 66.25 21.62 18.93 19.39 55.56 89.13 101.13 64.68 71.97 59.55 70.36 46.85 123.28 134.92 137.10 143.00 106.98 111.15 34.45 43.96 47.91 48.15 33.98 38.34 47.88 129.48 133.55 122.77 132.36 108.61
129.43 136.14 39.23 17.52 46.66 65.85 48.92 78.35 93.53 91.01 94.77 85.29 84.66 100.12 125.48 131.85 121.14 125.18 103.96 107.16 109.49 80.36 34.18 40.03 24.47 5.58 7.97 7.97 64.52 37.92 59.68 51.62 33.64 33.37 33.13 33.06 18.78 14.29 0.00 46.09 48.33 14.57 23.32 47.32 49.91 62.99 58.93 79.10 75.72 68.80 76.58 53.28 54.61 67.02 15.16 6.25 29.00 28.63 67.54 48.78 56.86 21.52 19.14 23.29 62.57 81.89 93.98 53.72 61.20 49.47 63.04 52.64 125.49 136.74 129.43 135.06 103.74 107.95 33.50 39.25 48.53 48.78 29.39 38.53 50.40 122.27 135.23 122.65 126.62 110.41
125.75 130.00 79.16 42.88 72.85 95.82 66.57 67.95 90.07 121.19 95.89 115.38 86.43 127.33 152.11 152.42 131.94 135.54 115.46 118.38 113.94 68.21 62.28 85.88 70.55 41.85 51.69 51.69 35.75 17.17 45.29 6.82 13.44 13.07 78.70 79.12 64.49 60.00 46.09 0.00 5.22 33.29 64.52 7.75 12.78 93.52 64.84 67.11 109.16 57.11 57.98 67.47 64.64 55.97 49.85 47.01 73.52 70.19 49.05 50.47 59.06 60.78 59.76 65.44 89.65 85.79 96.19 49.99 55.45 51.91 48.34 79.07 152.12 161.88 125.75 129.86 117.63 121.52 53.78 63.26 64.54 64.71 58.43 58.23 70.22 120.96 160.07 143.64 130.32 136.97
130.76 134.91 82.79 46.72 77.47 94.58 64.56 63.39 95.17 125.85 101.07 120.03 91.63 132.17 157.02 157.53 137.16 140.76 120.67 123.59 119.14 63.53 61.59 88.34 72.75 44.50 54.43 54.43 40.10 22.24 50.37 3.41 14.74 14.99 80.39 81.17 66.35 61.91 48.33 5.22 0.00 34.79 65.41 3.23 7.77 98.05 70.04 72.06 113.57 62.16 62.69 72.52 69.77 51.57 53.37 49.84 76.40 73.54 53.89 55.65 64.27 64.24 63.06 68.65 88.15 91.01 101.38 55.21 60.64 57.10 43.84 77.70 157.03 166.87 130.76 134.80 122.82 126.72 52.62 67.86 62.43 62.59 62.65 56.77 68.33 126.05 165.07 148.73 135.50 141.86
132.50 138.55 53.16 23.25 56.72 68.11 44.75 67.07 95.97 103.24 98.66 97.42 88.47 111.69 137.11 141.97 128.43 132.39 111.19 114.36 114.72 68.77 33.96 54.22 38.32 12.96 22.06 22.06 57.78 29.41 57.04 38.17 20.10 20.23 45.60 46.53 31.61 27.21 14.57 33.29 34.79 0.00 31.47 33.42 35.61 74.90 62.89 78.36 88.58 67.65 73.64 59.66 59.67 55.17 25.66 18.40 43.57 42.76 64.16 50.45 59.44 34.74 32.71 37.46 63.33 86.27 98.19 54.04 61.47 51.48 50.31 52.71 137.12 148.08 132.50 137.74 111.66 115.85 28.97 48.09 43.64 43.88 39.28 34.35 47.27 125.96 146.48 132.80 131.89 121.91
150.22 157.34 45.61 40.07 62.35 44.15 36.44 75.48 115.04 99.73 115.31 94.45 105.42 110.23 134.83 144.31 138.06 142.13 121.21 124.39 128.75 78.11 19.50 32.59 19.11 28.87 25.25 25.25 87.39 59.86 82.99 68.82 51.11 51.48 18.46 22.58 12.53 13.29 23.32 64.52 65.41 31.47 0.00 63.55 64.65 73.87 80.10 102.03 83.14 91.88 99.88 72.84 75.18 66.38 35.12 27.85 30.38 36.04 90.86 71.31 78.84 34.87 32.20 32.12 42.29 102.27 114.30 76.59 83.99 71.85 65.05 33.81 134.83 146.60 150.22 156.08 120.13 124.30 25.99 57.24 37.23 37.46 47.23 28.57 36.11 142.66 145.30 135.21 145.65 120.41
133.50 137.75 82.68 46.89 78.34 91.77 61.56 60.33 97.78 126.76 103.52 120.92 93.99 133.31 158.27 159.17 139.29 142.92 122.71 125.66 121.51 60.52 59.02 87.35 71.62 43.77 53.72 53.72 43.20 24.00 53.03 5.92 13.75 14.37 78.93 79.93 65.03 60.62 47.32 7.75 3.23 33.42 63.55 0.00 5.12 98.80 71.99 74.86 114.18 64.86 65.66 74.05 71.49 48.44 53.25 49.21 75.73 73.21 56.78 57.58 66.34 64.03 62.73 68.24 85.27 93.26 103.78 57.43 63.05 59.02 40.75 74.86 158.28 168.24 133.50 137.61 124.74 128.67 49.89 68.74 59.40 59.55 63.12 53.93 65.35 128.69 166.45 150.32 137.96 143.07
138.50 142.68 86.28 50.87 82.86 90.54 59.68 55.74 102.85 131.26 108.63 125.41 99.11 137.98 163.00 164.12 144.40 148.03 127.80 130.75 126.63 55.82 58.56 89.82 73.92 46.76 56.68 56.68 47.76 29.06 58.07 8.95 17.07 18.06 80.70 82.04 67.05 62.73 49.91 12.78 7.77 35.61 64.65 5.12 0.00 103.20 77.06 79.83 118.44 69.88 70.45 78.97 76.50 44.03 56.91 52.30 78.65 76.58 61.66 62.66 71.44 67.56 66.11 71.51 83.80 98.38 108.89 62.54 68.16 64.09 36.24 73.57 163.01 173.05 138.50 142.57 129.80 133.74 49.03 73.27 57.43 57.57 67.32 52.71 63.59 133.75 171.27 155.26 143.06 147.79
92.82 101.46 28.80 53.09 20.81 114.89 109.07 141.29 67.16 28.39 61.48 22.55 55.21 37.16 62.49 70.44 68.61 72.57 53.72 56.55 66.85 143.23 92.38 51.23 55.72 62.15 55.30 55.30 85.80 77.05 69.14 100.33 86.63 85.36 63.73 57.86 61.34 61.57 62.99 93.52 98.05 74.90 73.87 98.80 103.20 0.00 43.90 71.69 16.23 67.80 79.01 33.36 38.92 129.77 49.24 57.27 44.26 37.85 75.54 51.46 49.15 41.70 44.32 42.22 114.95 50.90 59.50 56.86 59.18 50.34 125.21 107.49 62.49 73.81 92.82 99.36 50.69 54.46 95.09 30.31 109.29 109.53 36.24 99.50 109.46 84.06 72.34 61.35 81.34 47.46
70.50 77.32 52.56 41.58 28.48 124.12 106.82 126.97 34.96 65.12 35.96 60.02 25.79 67.75 90.66 88.19 67.59 71.34 50.77 53.77 51.92 128.07 93.05 74.78 68.96 54.55 54.88 54.88 45.08 48.01 27.20 71.15 63.95 62.25 80.06 75.85 69.83 67.19 58.93 64.84 70.04 62.89 80.10 71.99 77.06 43.90 0.00 28.77 59.32 23.91 35.11 11.34 6.02 114.58 45.01 53.07 61.35 52.83 32.32 14.41 6.44 47.58 49.70 52.89 121.36 23.38 35.35 16.15 15.69 12.98 108.11 111.56 90.67 99.25 70.50 76.16 52.78 56.69 90.94 25.91 106.02 106.26 34.20 96.27 108.77 63.43 97.34 79.69 69.06 76.20
58.77 62.92 80.77 61.97 57.22 144.78 122.98 134.65 24.78 89.20 33.24 84.81 27.06 89.16 108.83 101.11 72.68 75.52 59.27 61.37 51.35 135.11 111.63 101.94 94.07 73.86 77.20 77.20 34.47 53.93 22.34 71.82 71.85 70.12 105.29 101.74 93.45 90.09 79.10 67.11 72.06 78.36 102.03 74.86 79.83 71.69 28.77 0.00 86.27 10.76 12.25 40.10 34.66 122.42 67.71 74.19 87.97 79.73 18.47 31.08 25.83 73.06 74.73 78.87 140.92 29.32 34.47 25.45 18.14 30.84 115.05 130.53 108.84 115.34 58.77 62.75 63.68 66.50 107.31 53.56 121.70 121.93 60.17 112.68 125.62 54.64 113.34 93.92 65.88 95.91
100.01 108.90 37.81 67.81 36.88 121.32 119.31 153.90 78.76 16.86 71.75 12.48 67.09 28.29 51.80 64.02 70.18 73.82 58.00 60.32 73.48 156.00 102.36 55.82 64.17 75.64 67.79 67.79 101.97 92.91 85.15 115.96 101.66 100.47 70.19 64.21 70.84 71.94 75.72 109.16 113.57 88.58 83.14 114.18 118.44 16.23 59.32 86.27 0.00 83.19 94.31 49.22 54.68 142.73 63.07 70.43 52.77 48.28 91.34 67.62 64.87 54.21 56.60 53.31 122.35 62.85 69.60 72.90 74.84 66.47 138.64 115.89 51.81 63.69 100.01 106.56 53.59 56.65 106.27 46.23 119.79 120.03 51.13 110.29 119.23 91.17 62.50 55.53 85.84 37.96
68.66 73.24 73.41 51.88 51.19 134.33 112.24 124.31 33.20 88.12 40.21 83.28 32.07 89.50 110.80 105.08 78.83 81.99 64.08 66.52 58.59 124.84 101.02 93.54 84.77 63.48 67.29 67.29 26.72 43.34 11.88 62.14 61.26 59.52 95.96 92.69 83.71 80.20 68.80 57.11 62.16 67.65 91.88 64.86 69.88 67.80 23.91 10.76 83.19 0.00 11.25 34.75 29.10 112.03 57.99 64.07 79.36 71.36 10.64 21.88 19.07 64.11 65.58 70.04 130.35 33.03 40.98 15.68 9.37 21.96 104.74 119.92 110.81 118.22 68.66 72.94 67.82 71.06 96.58 46.15 110.95 111.18 51.65 101.95 114.90 63.93 116.24 97.35 74.13 97.11
69.37 72.68 84.20 60.34 62.37 141.32 117.56 125.92 36.84 98.76 45.49 94.05 39.07 99.60 120.12 113.08 84.93 87.77 71.37 73.53 63.54 126.18 107.50 103.70 94.15 71.10 75.91 75.91 23.42 46.75 16.90 62.05 64.40 62.73 105.26 102.30 92.51 88.78 76.58 57.98 62.69 73.64 99.88 65.66 70.45 79.01 35.11 12.25 94.31 11.25 0.00 46.00 40.35 113.86 67.02 72.34 89.41 81.61 9.56 32.14 30.29 73.95 75.23 79.96 136.91 40.97 46.72 25.69 20.42 32.45 106.30 126.33 120.13 126.99 69.37 72.81 75.64 78.56 102.23 57.03 116.09 116.31 61.93 107.52 120.47 65.95 124.99 105.73 77.77 106.82
77.54 84.96 41.67 36.85 17.19 116.99 102.06 125.73 43.72 56.76 42.62 51.34 33.00 60.92 85.03 85.17 68.77 72.72 51.53 54.70 56.26 127.08 87.35 64.50 60.03 49.62 48.09 48.09 53.15 50.30 35.96 74.11 64.29 62.69 70.92 66.35 61.80 59.64 53.28 67.47 72.52 59.66 72.84 74.05 78.97 33.36 11.34 40.10 49.22 34.75 46.00 0.00 5.65 113.45 38.45 47.12 51.55 42.94 42.18 19.13 15.83 38.89 41.27 43.69 114.80 29.56 41.51 23.78 25.88 17.81 107.48 105.39 85.04 94.49 77.54 83.54 52.26 56.41 86.37 16.18 101.50 101.75 25.71 91.57 103.67 69.84 92.66 76.28 73.36 70.09
75.08 82.17 46.54 37.55 22.57 119.29 102.99 124.84 40.20 61.62 40.24 56.31 30.25 65.16 88.81 87.78 69.33 73.19 52.22 55.32 55.17 126.07 88.79 68.87 63.41 50.52 50.08 50.08 48.14 47.54 30.68 71.16 62.50 60.85 74.46 70.13 64.60 62.13 54.61 64.64 69.77 59.67 75.18 71.49 76.50 38.92 6.02 34.66 54.68 29.10 40.35 5.65 0.00 112.49 40.25 48.60 55.54 46.99 36.66 14.82 10.23 42.07 44.28 47.24 116.77 27.29 39.39 18.69 20.27 13.40 106.27 107.12 88.82 97.90 75.08 80.90 53.58 57.63 87.18 20.03 102.30 102.54 28.69 92.45 104.79 67.71 96.03 79.05 72.36 74.05
180.50 185.27 105.74 78.22 111.88 67.41 37.42 12.41 144.17 157.96 148.81 152.20 138.85 166.74 192.16 197.03 181.82 185.67 164.70 167.81 166.13 13.66 49.23 98.72 83.63 67.65 74.94 74.94 91.64 68.86 100.17 52.93 51.22 52.97 84.77 88.86 75.75 73.01 67.02 55.97 51.57 55.17 66.38 48.44 44.03 129.77 114.58 122.42 142.73 112.03 113.86 113.45 112.49 0.00 80.62 72.52 92.97 95.02 104.75 100.64 109.88 88.54 86.13 89.76 59.57 137.42 148.75 102.20 108.76 101.94 7.90 52.75 192.16 203.21 180.50 184.95 165.71 169.85 40.50 103.13 35.09 35.02 94.44 39.25 41.00 175.08 201.62 187.88 183.06 176.99
115.32 122.31 29.44 7.93 31.73 79.11 64.05 92.32 79.93 77.58 80.49 71.76 70.49 86.11 111.54 117.09 106.00 110.03 88.82 92.02 94.70 94.16 48.93 39.25 27.28 12.99 9.88 9.88 59.14 36.90 50.52 56.28 39.84 38.93 38.28 35.76 25.75 22.50 15.16 49.85 53.37 25.66 35.12 53.25 56.91 49.24 45.01 67.71 63.07 57.99 67.02 38.45 40.25 80.62 0.00 8.91 25.26 20.45 58.68 36.66 43.78 10.95 10.31 16.11 76.52 67.50 79.58 42.37 49.57 37.06 75.97 66.97 111.54 122.60 115.32 121.10 88.58 92.79 48.66 24.09 63.68 63.93 14.30 53.69 65.43 107.94 121.02 107.90 111.79 96.36
123.55 130.37 34.79 12.22 40.50 71.26 55.16 84.03 87.82 85.44 88.82 79.68 78.75 94.33 119.73 125.77 114.89 118.93 97.71 100.91 103.36 85.96 40.25 39.09 24.64 5.61 4.76 4.76 61.84 36.67 55.52 52.99 35.47 34.90 34.63 33.46 20.69 16.59 6.25 47.01 49.84 18.40 27.85 49.21 52.30 57.27 53.07 74.19 70.43 64.07 72.34 47.12 48.60 72.52 8.91 0.00 26.56 24.53 63.53 43.51 51.29 16.36 14.32 19.31 68.29 75.89 87.99 48.74 56.15 44.10 68.22 58.52 119.73 130.91 123.55 129.24 97.49 101.70 39.75 33.00 54.78 55.03 23.17 44.78 56.60 116.31 129.37 116.57 120.48 104.61
128.02 135.86 15.50 33.19 36.96 70.76 66.65 103.31 95.27 69.38 93.44 64.16 84.30 80.02 104.48 114.52 110.92 114.97 94.66 97.75 104.42 105.68 49.67 14.38 11.53 31.96 22.01 22.01 84.01 61.93 73.69 79.55 61.97 61.45 20.28 15.01 18.19 20.04 29.00 73.52 76.40 43.57 30.38 75.73 78.65 44.26 61.35 87.97 52.77 79.36 89.41 51.55 55.54 92.97 25.26 26.56 0.00 8.61 81.85 57.49 62.37 15.66 15.10 9.60 70.69 80.56 92.04 63.82 70.24 57.43 90.07 63.47 104.48 116.28 128.02 134.25 92.81 96.87 54.35 35.54 67.24 67.47 27.80 57.98 66.47 119.86 115.00 105.50 120.69 90.15
119.49 127.29 10.72 28.06 28.53 78.15 71.42 105.90 86.66 64.41 84.86 58.93 75.69 74.51 99.43 108.28 103.16 107.23 86.70 89.83 96.05 108.10 54.61 22.22 18.64 30.14 20.76 20.76 77.51 57.22 66.24 76.54 59.58 58.84 28.58 23.55 23.51 23.86 28.63 70.19 73.54 42.76 36.04 73.21 76.58 37.85 52.83 79.73 48.28 71.36 81.61 42.94 46.99 95.02 20.45 24.53 8.61 0.00 74.35 49.54 54.03 9.56 10.49 5.34 77.58 71.96 83.48 55.94 62.15 49.40 91.46 69.75 99.43 111.06 119.49 125.70 85.09 89.19 58.00 26.96 71.76 72.00 19.71 62.12 71.66 111.36 109.69 99.18 112.44 84.76
77.18 81.04 77.80 51.71 57.47 131.96 108.01 116.88 42.86 97.35 50.47 92.32 42.65 99.32 121.07 115.69 89.36 92.47 74.72 77.15 68.84 117.23 98.06 96.21 85.94 62.02 67.27 67.27 16.31 37.23 8.19 53.49 54.95 53.27 96.95 94.25 83.91 80.06 67.54 49.05 53.89 64.16 90.86 56.78 61.66 75.54 32.32 18.47 91.34 10.64 9.56 42.18 36.66 104.75 58.68 63.53 81.85 74.35 0.00 25.72 26.47 66.25 67.33 72.31 127.47 43.67 51.36 19.39 16.63 26.38 97.26 116.87 121.08 128.67 77.18 81.00 78.45 81.70 92.69 51.07 106.53 106.75 54.84 97.98 110.93 73.09 126.70 107.91 84.00 107.19
82.05 88.17 52.21 31.34 32.18 114.63 95.03 113.05 45.53 75.88 48.56 70.42 38.43 79.88 103.63 102.24 81.92 85.63 65.17 68.15 65.50 114.07 82.27 71.70 63.05 43.82 46.26 46.26 34.35 33.60 18.23 56.83 49.75 48.03 74.26 70.86 62.40 59.11 48.78 50.47 55.65 50.45 71.31 57.58 62.66 51.46 14.41 31.08 67.62 21.88 32.14 19.13 14.82 100.64 36.66 43.51 57.49 49.54 25.72 0.00 9.25 42.24 43.77 48.16 111.23 36.78 48.30 6.47 12.96 1.46 94.03 101.07 103.64 112.68 82.05 87.31 67.17 71.09 79.14 25.35 94.03 94.27 29.84 84.51 97.27 75.63 110.81 93.61 82.50 88.85
73.12 79.46 54.99 39.34 32.14 122.55 103.85 122.29 36.78 71.29 39.36 66.11 29.21 74.14 97.10 94.45 72.97 76.64 56.40 59.32 56.25 123.29 90.71 76.21 69.08 52.14 53.60 53.60 38.69 42.45 20.89 65.26 58.92 57.19 80.29 76.43 69.23 66.25 56.86 59.06 64.27 59.44 78.84 66.34 71.44 49.15 6.44 25.83 64.87 19.07 30.29 15.83 10.23 109.88 43.78 51.29 62.37 54.03 26.47 9.25 0.00 47.81 49.68 53.45 119.43 27.54 39.06 9.75 10.05 8.04 103.24 109.41 97.11 105.66 73.12 78.51 58.70 62.53 87.95 27.75 102.92 103.16 34.65 93.32 106.00 66.53 103.75 86.00 73.25 82.63
116.39 123.85 18.74 18.50 27.53 78.69 68.02 99.84 82.26 69.54 81.48 63.84 71.87 78.85 104.14 111.33 103.25 107.32 86.35 89.53 94.13 101.88 51.75 30.04 21.38 21.81 13.66 13.66 68.48 47.66 58.08 67.19 50.50 49.68 32.52 28.68 23.11 21.62 21.52 60.78 64.24 34.74 34.87 64.03 67.56 41.70 47.58 73.06 54.21 64.11 73.95 38.89 42.07 88.54 10.95 16.36 15.66 9.56 66.25 42.24 47.81 0.00 2.75 6.07 77.16 68.44 80.31 48.48 55.12 42.30 84.46 68.45 104.15 115.51 116.39 122.42 85.39 89.57 53.54 22.81 68.03 68.28 13.39 58.12 68.78 108.56 114.03 102.14 110.92 89.15
118.80 126.21 20.48 18.19 30.26 76.09 65.28 97.35 84.48 72.06 83.89 66.39 74.22 81.47 106.73 114.04 105.96 110.03 89.05 92.23 96.70 99.42 49.00 29.33 19.40 19.88 11.19 11.19 68.94 47.20 59.15 66.07 49.10 48.35 30.62 27.11 20.58 18.93 19.14 59.76 63.06 32.71 32.20 62.73 66.11 44.32 49.70 74.73 56.60 65.58 75.23 41.27 44.28 86.13 10.31 14.32 15.10 10.49 67.33 43.77 49.68 2.75 0.00 5.81 74.48 70.83 82.74 49.91 56.70 43.90 82.17 65.73 106.74 118.13 118.80 124.81 88.12 92.30 50.85 25.28 65.31 65.55 15.62 55.41 66.03 111.03 116.66 104.86 113.53 91.77
120.92 128.54 16.01 23.97 30.75 75.15 66.85 100.71 87.31 69.26 86.11 63.71 76.67 79.14 104.20 112.52 106.19 110.26 89.51 92.66 98.10 102.88 50.18 23.97 16.39 24.92 15.43 15.43 74.46 53.01 64.14 71.70 54.56 53.87 27.25 23.00 19.74 19.39 23.29 65.44 68.65 37.46 32.12 68.24 71.51 42.22 52.89 78.87 53.31 70.04 79.96 43.69 47.24 89.76 16.11 19.31 9.60 5.34 72.31 48.16 53.45 6.07 5.81 0.00 74.15 73.10 84.84 54.44 61.00 48.17 86.15 65.93 104.20 115.76 120.92 127.04 88.19 92.33 53.11 27.50 67.09 67.34 18.82 57.36 67.26 112.96 114.36 103.38 114.71 89.42
191.81 198.66 86.18 80.08 104.62 7.85 24.64 61.87 156.09 139.20 157.01 134.28 146.98 150.26 174.06 185.15 180.29 184.36 163.48 166.66 170.90 65.00 29.41 67.08 59.24 67.40 66.74 66.74 120.49 92.04 120.19 91.19 77.36 78.54 52.17 58.14 54.41 55.56 62.57 89.65 88.15 63.33 42.29 85.27 83.80 114.95 121.36 140.92 122.35 130.35 136.91 114.80 116.77 59.57 76.52 68.29 70.69 77.58 127.47 111.23 119.43 77.16 74.48 74.15 0.00 144.02 156.10 115.83 123.35 111.97 63.39 10.72 174.06 186.00 191.81 197.53 162.32 166.47 36.01 99.42 27.10 27.03 89.37 31.42 20.57 184.46 184.84 176.16 187.86 160.23
47.99 55.44 69.07 64.73 44.09 146.42 130.10 149.83 16.26 62.41 13.06 58.75 4.31 60.81 79.56 72.22 46.48 49.92 31.08 33.61 28.72 150.82 116.07 92.82 89.48 77.72 77.30 77.30 59.56 69.63 42.58 91.68 86.42 84.69 100.27 95.50 91.36 89.13 81.89 85.79 91.01 86.27 102.27 93.26 98.38 50.90 23.38 29.32 62.85 33.03 40.97 29.56 27.29 137.42 67.50 75.89 80.56 71.96 43.67 36.78 27.54 68.44 70.83 73.10 144.02 0.00 12.10 35.84 30.73 35.51 130.76 134.41 79.57 86.06 47.99 53.99 34.84 38.03 114.25 45.66 129.34 129.58 55.27 119.56 131.99 40.44 84.05 64.76 45.77 66.94
36.09 43.83 79.99 76.80 55.26 158.45 142.15 161.16 11.99 66.38 2.25 63.60 9.90 62.64 78.14 67.68 38.22 41.16 25.66 27.34 17.78 162.07 128.17 103.94 101.23 89.79 89.37 89.37 67.64 80.48 51.77 101.84 97.61 95.87 111.91 107.03 103.30 101.13 93.98 96.19 101.38 98.19 114.30 103.78 108.89 59.50 35.35 34.47 69.60 40.98 46.72 41.51 39.39 148.75 79.58 87.99 92.04 83.48 51.36 48.30 39.06 80.31 82.74 84.84 156.10 12.10 0.00 46.67 40.74 47.10 141.96 146.50 78.15 83.10 36.09 42.23 30.85 32.98 126.28 57.50 141.36 141.61 67.22 131.60 144.06 28.37 81.09 61.24 34.32 67.12
79.01 84.68 58.67 36.52 38.17 119.50 98.78 114.60 42.39 80.30 46.63 74.99 36.79 83.60 106.77 104.15 81.98 85.55 65.65 68.51 64.27 115.45 86.67 78.07 69.09 48.55 51.78 51.78 29.45 33.84 12.29 56.02 51.00 49.25 80.28 77.02 68.12 64.68 53.72 49.99 55.21 54.04 76.59 57.43 62.54 56.86 16.15 25.45 72.90 15.68 25.69 23.78 18.69 102.20 42.37 48.74 63.82 55.94 19.39 6.47 9.75 48.48 49.91 54.44 115.83 35.84 46.67 0.00 7.52 6.99 95.32 105.54 106.78 115.40 79.01 83.99 68.19 71.95 82.95 31.73 97.67 97.90 36.25 88.34 101.21 73.06 113.49 95.74 80.99 92.24
71.99 77.44 64.05 43.93 41.97 127.00 106.22 121.14 35.45 80.76 40.48 75.70 31.02 83.00 105.27 101.17 77.21 80.64 61.42 64.13 58.50 121.90 94.18 84.36 76.00 56.06 59.08 59.08 30.24 40.01 12.36 61.13 57.56 55.81 87.22 83.77 75.31 71.97 61.20 55.45 60.64 61.47 83.99 63.05 68.16 59.18 15.69 18.14 74.84 9.37 20.42 25.88 20.27 108.76 49.57 56.15 70.24 62.15 16.63 12.96 10.05 55.12 56.70 61.00 123.35 30.73 40.74 7.52 0.00 12.83 101.75 113.06 105.28 113.32 71.99 76.83 64.48 68.04 90.41 36.78 105.07 105.31 42.47 95.79 108.67 66.32 111.37 93.04 74.92 91.12
81.03 87.23 51.77 31.98 31.27 115.29 95.99 114.34 44.56 74.57 47.39 69.13 37.24 78.50 102.21 100.78 80.52 84.25 63.75 66.74 64.23 115.38 83.09 71.59 63.23 44.58 46.74 46.74 35.52 35.03 19.08 58.29 51.10 49.38 74.45 70.95 62.76 59.55 49.47 51.91 57.10 51.48 71.85 59.02 64.09 50.34 12.98 30.84 66.47 21.96 32.45 17.81 13.40 101.94 37.06 44.10 57.43 49.40 26.38 1.46 8.04 42.30 43.90 48.17 111.97 35.51 47.10 6.99 12.83 0.00 95.36 101.86 102.22 111.24 81.03 86.34 65.73 69.65 80.09 24.75 95.02 95.26 29.70 85.46 98.19 74.53 109.36 92.16 81.25 87.44
173.31 177.94 102.16 72.96 106.78 71.16 39.88 19.63 137.09 153.52 141.96 147.72 132.06 161.98 187.40 191.61 175.54 179.36 158.48 161.57 159.43 20.15 49.34 96.85 81.34 63.10 71.01 71.01 83.93 61.76 92.86 45.11 44.36 46.10 83.51 87.18 73.45 70.36 63.04 48.34 43.84 50.31 65.05 40.75 36.24 125.21 108.11 115.05 138.64 104.74 106.30 107.48 106.27 7.90 75.97 68.22 90.07 91.46 97.26 94.03 103.24 84.46 82.17 86.15 63.39 130.76 141.96 95.32 101.75 95.36 0.00 55.60 187.41 198.30 173.31 177.68 159.68 163.79 39.81 97.82 37.41 37.39 89.47 39.62 43.76 168.03 196.67 182.50 176.28 172.18
