150
0.00 133.59 144.50 138.34 30.29 37.79 49.53 25.49 51.04 31.29 115.94 95.57 36.99 24.61 38.54 18.82 4.96 19.35 29.76 21.40 48.26 77.12 68.09 25.22 25.30 54.16 35.94 39.11 50.29 53.26 42.75 53.05 105.80 53.59 52.24 40.31 80.20 84.00 5.61 27.16 110.34 65.41 132.95 106.48 127.84 108.72 136.97 100.16 133.76 102.77 97.46 32.72 42.15 56.39 140.72 142.45 97.60 101.53 33.80 56.27 73.50 78.12 67.20 68.20 42.12 61.75 98.94 34.66 40.26 70.89 72.97 71.59 77.77 69.18 73.65 61.23 65.20 69.43 73.89 64.73 10.73 32.53 49.95 143.15 59.89 39.16 60.49 61.72 64.05 58.94 57.44 116.42 64.05 60.81 61.52 113.74 114.58 59.94 54.39 53.04 106.80 44.49 48.03 40.85 137.14 138.70 135.30 46.93 116.60 114.78 54.63 73.49 64.19 67.66 60.22 55.41 67.38 59.45 58.78 61.32 79.72 66.04 69.42 62.73 58.21 40.90 99.72 58.81 29.47 35.56 45.56 117.41 116.66 52.08 71.78 62.48 65.92 47.58 50.11 40.72 110.42 114.78 54.63 71.77 62.48 66.04 46.14 58.06 38.70 127.30
133.59 0.00 29.67 5.39 155.75 119.81 154.09 125.45 163.32 160.54 37.87 66.36 145.37 157.80 171.82 114.77 138.18 124.60 127.97 121.09 125.48 65.37 65.72 111.04 110.94 128.06 119.00 156.82 169.28 94.06 105.46 102.60 44.36 87.24 180.30 93.53 80.99 79.35 130.94 141.41 59.42 95.98 17.04 38.33 56.14 46.27 50.83 76.57 16.10 37.30 54.02 101.27 91.64 89.25 14.25 57.50 48.67 45.72 104.40 79.67 64.06 66.85 74.07 75.68 105.20 88.13 47.05 159.41 162.40 94.71 91.89 88.95 89.00 64.41 59.94 72.37 68.39 64.24 59.75 68.98 137.55 104.59 103.53 37.43 85.31 102.87 98.52 99.05 102.50 103.30 105.75 47.32 102.50 85.95 106.70 32.79 43.75 90.13 97.37 96.00 32.94 176.77 174.35 173.32 33.46 29.66 53.53 114.17 55.32 28.88 184.13 197.44 188.98 192.96 84.27 89.98 92.65 85.39 86.18 185.10 199.05 189.35 193.32 84.47 89.94 113.39 62.77 106.47 156.07 161.01 113.39 57.62 26.07 182.09 195.45 186.98 190.97 168.43 171.81 105.77 47.92 28.88 184.13 197.06 188.67 192.65 98.22 83.96 114.94 54.27
144.50 29.67 0.00 31.32 169.98 137.76 155.75 141.20 165.80 173.84 30.01 59.38 149.04 167.49 181.27 126.18 148.63 139.07 144.55 128.59 126.19 68.70 80.51 120.03 119.93 148.72 136.57 172.85 185.62 113.38 123.52 104.08 40.37 92.86 186.32 104.49 105.36 104.36 142.88 146.95 87.93 118.26 15.18 64.83 85.80 39.12 80.28 104.02 45.51 62.00 80.05 111.86 102.75 92.78 15.98 86.70 74.01 71.83 112.20 88.26 71.05 68.75 93.88 96.30 123.08 108.93 72.55 173.98 167.53 91.74 88.66 112.07 113.28 77.79 73.83 84.97 81.36 76.89 72.88 81.18 146.41 112.92 123.09 9.24 88.67 119.57 98.33 98.38 100.65 102.87 105.46 34.64 100.65 88.68 105.14 30.81 33.73 91.94 99.43 98.86 38.00 188.88 180.00 185.28 62.61 58.48 83.09 133.67 84.43 56.59 190.64 201.14 193.35 197.35 87.88 93.68 91.19 88.93 89.74 189.31 201.11 193.19 197.19 86.86 92.49 131.69 89.85 105.70 162.98 167.20 132.61 86.80 53.96 188.93 199.14 191.36 195.35 172.73 176.12 123.36 76.17 56.59 190.64 201.28 193.58 197.57 103.05 88.76 118.73 83.92
138.34 5.39 31.32 0.00 160.09 123.70 159.39 129.66 168.58 164.98 42.78 71.61 150.60 162.62 176.64 119.51 142.96 128.98 132.05 126.14 130.82 70.73 70.35 116.00 115.90 131.41 122.95 160.91 173.31 97.81 109.38 107.95 49.59 92.47 185.37 98.39 83.61 81.77 135.59 146.55 60.29 99.09 20.59 40.69 55.40 51.37 49.09 77.97 14.57 40.40 56.31 106.14 96.49 94.56 15.35 55.39 51.31 48.10 109.46 84.76 69.30 72.23 77.86 79.29 109.15 91.62 49.65 163.70 167.54 100.09 97.28 91.88 91.59 69.20 64.71 77.18 73.19 69.10 64.60 73.84 142.47 109.62 107.19 39.73 90.63 107.02 103.90 104.43 107.89 108.68 111.13 52.05 107.89 91.28 112.09 37.95 48.63 95.48 102.71 101.31 38.32 181.32 179.45 177.89 31.31 27.15 52.02 117.80 55.66 30.87 189.17 202.63 194.14 198.11 89.59 95.28 98.04 90.71 91.49 190.27 204.31 194.54 198.51 89.82 95.27 117.24 64.48 111.85 161.11 166.09 117.07 57.86 28.05 187.11 200.65 192.15 196.12 173.60 176.98 109.76 49.11 30.87 189.17 202.22 193.80 197.78 103.46 89.23 120.19 53.57
30.29 155.75 169.98 160.09 0.00 40.43 70.48 30.91 67.71 7.28 142.58 124.54 60.03 27.25 32.86 45.06 28.97 31.18 30.02 51.67 77.09 104.73 90.42 54.38 54.45 47.21 40.10 11.70 20.26 65.28 52.93 83.31 132.78 82.25 54.90 66.05 89.84 93.53 29.05 51.21 122.55 72.27 157.38 124.31 140.23 136.08 150.58 108.65 153.48 121.74 112.58 59.34 67.64 85.78 164.45 154.98 114.27 118.27 63.03 83.01 99.98 106.14 83.73 83.45 52.83 73.40 115.82 4.39 53.36 101.11 103.12 79.99 84.93 92.53 96.76 85.06 88.78 93.24 97.44 88.83 36.53 61.48 57.92 169.55 89.03 53.50 90.72 91.97 94.33 89.23 87.71 144.09 94.33 90.12 91.75 139.61 141.85 89.67 84.47 82.96 131.98 24.29 54.16 22.01 153.97 156.24 148.32 49.69 129.40 133.56 54.49 76.49 68.03 70.30 89.22 84.81 97.50 88.55 87.93 66.80 85.70 70.99 73.16 92.00 87.82 46.62 112.06 89.06 42.78 47.28 49.30 129.66 135.80 51.69 75.33 66.96 69.14 59.32 60.36 51.85 125.34 133.56 54.49 73.69 65.13 67.49 75.87 86.72 68.88 140.07
37.79 119.81 137.76 123.70 40.43 0.00 86.68 12.62 88.82 47.07 113.13 101.97 73.86 56.91 68.43 32.67 41.81 18.47 10.63 49.73 78.34 79.47 57.47 43.53 43.53 18.73 2.28 37.95 49.85 26.12 14.38 72.76 104.40 62.58 87.12 42.74 49.41 53.10 32.18 64.18 82.20 31.90 123.96 85.79 99.86 108.39 110.32 68.32 115.63 83.99 73.01 40.03 43.44 68.30 130.02 114.59 75.35 79.29 49.48 58.23 72.62 81.84 45.87 44.80 14.72 33.59 76.96 42.95 77.70 87.84 88.77 39.55 44.63 60.71 64.26 54.77 57.68 62.00 65.47 58.49 48.41 47.41 17.68 138.86 70.06 18.70 78.68 80.25 84.25 79.38 78.99 116.78 84.25 71.73 83.53 108.87 113.71 73.37 71.25 68.77 100.40 64.56 84.00 61.91 114.59 117.15 108.00 9.81 89.10 95.43 88.42 109.08 99.88 103.00 69.73 67.54 83.20 69.52 69.20 97.49 116.35 102.14 105.19 73.20 71.12 6.55 71.78 80.70 66.56 72.58 9.02 89.30 97.86 85.64 107.53 98.34 101.43 84.96 87.25 14.40 85.55 95.43 88.42 106.93 97.69 100.88 61.62 66.39 64.32 99.74
49.53 154.09 155.75 159.39 70.48 86.68 0.00 74.83 10.67 66.53 125.77 97.44 12.88 44.49 49.26 57.67 46.65 68.32 79.28 41.05 29.58 89.02 96.01 51.96 52.04 103.66 84.65 81.98 89.27 96.23 88.41 51.94 115.54 67.29 37.93 68.92 122.11 125.69 54.99 22.51 147.71 110.43 148.01 136.98 164.01 116.66 171.25 141.62 159.09 131.84 132.44 62.70 70.59 64.84 157.04 177.76 130.55 134.05 54.22 76.48 90.21 88.05 103.89 106.18 87.59 103.89 131.50 73.81 21.35 64.93 68.01 115.13 121.66 94.84 98.97 87.59 91.20 94.05 98.21 89.69 38.84 55.09 95.86 151.52 68.82 82.86 57.43 57.44 55.72 52.94 50.35 122.26 55.72 68.29 51.25 126.36 122.23 64.39 56.95 58.13 122.25 67.16 31.69 64.36 167.01 167.38 170.35 95.15 152.93 143.11 43.05 46.16 39.69 43.47 69.83 64.11 64.72 68.71 67.92 35.59 45.39 38.64 42.52 69.89 64.31 88.71 137.67 50.26 28.49 26.26 93.60 154.30 144.22 42.86 44.20 37.82 41.58 21.45 24.18 86.17 144.63 143.11 43.05 46.95 41.01 44.69 56.30 70.21 39.54 163.05
25.49 125.45 141.20 129.66 30.91 12.62 74.83 0.00 76.51 36.80 115.01 100.60 62.11 44.46 56.39 24.50 29.30 6.80 5.34 39.95 68.91 79.00 60.83 35.91 35.93 28.95 11.14 31.67 44.42 34.55 22.26 66.41 105.69 59.28 74.59 40.30 60.09 63.86 19.91 52.33 92.31 43.31 128.03 93.41 110.03 109.37 120.13 79.53 122.68 90.93 81.77 35.51 41.48 64.28 134.71 124.80 83.37 87.37 43.22 57.10 73.05 80.97 52.84 52.55 22.07 42.85 84.91 34.20 65.14 82.74 84.06 50.53 56.08 63.41 67.42 56.47 59.91 64.37 68.33 60.29 36.21 41.22 28.07 141.49 66.67 22.70 72.97 74.47 78.03 72.97 72.23 117.64 78.03 68.16 76.72 111.39 114.94 69.03 65.75 63.54 103.32 54.19 71.39 51.25 123.10 125.34 118.00 22.29 99.05 102.71 76.01 96.52 87.30 90.45 66.55 63.42 78.36 66.15 65.70 84.88 103.73 89.54 92.61 69.82 66.87 17.22 81.73 73.87 53.97 59.97 21.22 99.45 104.98 73.25 94.95 85.75 88.87 72.38 74.65 21.01 94.59 102.71 76.01 94.40 85.15 88.38 56.17 63.47 55.91 109.78
51.04 163.32 165.80 168.58 67.71 88.82 10.67 76.51 0.00 62.88 135.80 107.79 18.51 40.64 42.57 62.18 47.35 70.35 80.52 46.90 39.87 98.55 103.75 58.14 58.22 104.83 86.93 79.39 85.36 100.95 92.18 61.77 125.51 76.17 28.16 75.86 127.37 131.04 56.65 26.01 154.27 114.62 157.74 144.76 170.90 126.76 178.55 147.13 167.76 139.80 139.39 69.12 77.61 74.21 166.69 184.89 137.86 141.47 61.58 84.86 99.29 97.75 110.21 112.26 91.41 108.93 138.89 70.60 14.78 75.37 78.44 119.85 126.32 102.89 107.13 95.40 99.13 102.22 106.49 97.74 40.43 62.20 99.61 161.75 78.25 87.17 67.57 67.67 66.15 63.18 60.60 132.52 66.15 77.85 61.70 136.18 132.39 74.12 66.64 67.61 131.79 60.94 22.33 58.51 175.06 175.62 177.50 97.79 159.74 151.27 33.24 35.64 29.03 32.81 79.22 73.43 74.98 78.11 77.31 24.93 35.73 28.01 31.92 79.52 73.89 91.56 144.03 60.60 24.97 20.75 96.35 160.99 152.50 33.39 33.66 27.16 30.91 11.98 14.14 89.98 151.81 151.27 33.24 36.32 30.41 34.04 65.16 79.36 48.39 170.03
31.29 160.54 173.84 164.98 7.28 47.07 66.53 36.80 62.88 0.00 145.98 126.73 56.89 22.26 25.94 47.96 28.86 36.10 36.52 52.15 75.81 107.64 94.95 56.30 56.39 54.48 46.58 17.71 22.75 71.35 59.04 84.00 136.02 84.57 48.25 69.46 96.39 100.11 31.35 48.67 128.94 78.97 161.56 129.90 146.65 139.16 156.87 115.39 158.80 127.13 118.56 62.39 71.14 87.63 168.85 161.41 120.03 124.03 64.96 86.20 103.34 108.86 89.34 89.25 58.87 79.60 121.54 8.08 48.26 101.91 104.09 86.60 91.68 96.81 101.13 89.18 92.99 97.40 101.70 92.89 35.49 63.56 64.36 173.07 91.07 59.05 91.51 92.67 94.69 89.65 87.97 147.03 94.69 92.04 91.83 143.29 144.97 91.23 85.61 84.31 135.87 17.49 47.95 14.91 159.81 161.97 154.68 56.50 135.74 139.02 47.58 69.62 61.31 63.44 91.36 86.66 98.55 90.62 89.96 60.26 79.03 64.35 66.38 93.95 89.49 53.11 118.40 89.22 38.26 42.19 56.03 136.07 141.20 44.79 68.51 60.32 62.35 53.80 54.57 57.81 131.40 139.02 47.58 66.76 58.33 60.57 77.43 89.06 68.95 146.45
115.94 37.87 30.01 42.78 142.58 113.13 125.77 115.01 135.80 145.98 0.00 30.50 119.04 138.37 152.02 98.04 119.88 112.18 118.82 99.16 96.24 39.18 55.94 91.08 90.99 126.12 111.68 146.39 159.21 90.60 99.34 74.07 10.42 63.38 156.45 76.57 88.57 88.55 114.73 117.10 80.35 98.23 24.50 55.54 84.42 9.51 82.86 92.64 51.51 50.43 67.82 83.61 74.94 62.92 33.79 90.29 61.39 60.75 83.00 59.80 42.64 38.93 72.54 75.61 98.77 87.73 60.38 146.71 137.59 62.14 59.09 93.28 95.95 52.44 49.18 58.64 55.48 51.13 47.78 54.84 117.19 83.86 100.15 27.23 58.83 94.50 68.37 68.46 70.91 72.95 75.54 9.93 70.91 58.76 75.37 7.00 5.90 61.95 69.43 68.91 15.23 160.43 150.09 156.79 67.81 65.03 84.68 110.38 79.20 51.19 160.81 171.13 163.36 167.35 58.08 63.84 61.33 59.11 59.91 159.30 171.15 163.18 167.18 56.92 62.54 107.46 78.66 75.83 133.27 137.38 109.11 81.70 49.52 159.15 169.13 161.36 165.35 142.74 146.13 98.83 68.95 51.19 160.81 171.27 163.61 167.59 73.30 59.16 88.78 82.55
95.57 66.36 59.38 71.61 124.54 101.97 97.44 100.60 107.79 126.73 30.50 0.00 92.06 115.72 128.73 79.60 98.79 96.32 105.21 76.25 67.92 23.00 51.30 70.43 70.34 117.93 100.11 130.34 142.96 84.40 89.90 47.18 22.03 42.30 130.35 60.30 91.58 92.82 95.59 91.57 94.23 95.82 54.87 71.32 103.01 21.02 104.31 101.61 77.60 65.17 78.73 65.77 59.17 39.27 64.20 111.90 72.93 73.96 61.78 43.79 31.06 20.24 70.88 74.56 89.12 84.47 72.57 128.87 111.21 32.65 29.55 93.14 97.57 46.92 46.13 49.33 47.98 44.98 44.14 46.32 94.61 63.18 92.92 54.28 35.67 83.65 40.47 40.20 41.78 44.65 47.22 24.99 41.78 34.82 46.27 33.78 25.76 36.47 43.42 43.76 34.62 139.42 123.84 135.74 91.94 90.08 105.34 101.85 95.24 70.87 134.98 143.39 136.09 140.04 35.37 40.25 32.87 36.12 36.79 131.98 142.58 135.60 139.57 32.88 37.81 97.40 89.23 47.19 108.34 111.78 100.27 97.61 70.19 133.58 141.41 134.11 138.07 115.71 119.06 88.74 84.46 70.87 134.98 143.83 136.67 140.60 49.80 37.83 63.00 101.30
36.99 145.37 149.04 150.60 60.03 73.86 12.88 62.11 18.51 56.89 119.04 92.06 0.00 35.77 43.64 44.91 34.46 55.55 66.66 28.72 25.43 81.08 85.24 39.86 39.95 91.01 71.82 71.25 79.53 83.59 75.58 45.12 108.67 58.13 38.59 57.39 109.67 113.28 42.36 9.83 135.95 97.67 140.38 126.25 152.49 110.22 160.06 129.29 149.45 121.31 120.96 50.78 59.14 56.66 149.22 166.43 119.37 122.97 43.07 66.51 81.32 80.52 91.96 94.11 74.76 91.35 120.39 63.67 19.44 60.40 63.36 102.50 109.02 84.42 88.68 76.90 80.65 83.78 88.08 79.27 26.41 43.70 83.02 145.44 60.74 70.10 51.60 51.95 51.28 47.58 45.08 116.41 51.28 60.52 47.05 119.02 115.95 57.10 49.61 50.27 114.23 60.24 32.01 57.07 156.57 157.17 159.04 82.28 141.35 132.80 43.44 52.28 44.31 48.31 61.66 55.83 59.26 60.56 59.75 40.27 53.88 44.24 48.24 62.27 56.62 75.84 125.78 45.43 21.03 21.63 80.73 142.64 134.06 42.43 50.28 42.32 46.31 23.72 27.10 73.33 133.34 132.80 43.44 52.25 44.66 48.62 47.17 61.52 30.57 151.60
24.61 157.80 167.49 162.62 27.25 56.91 44.49 44.46 40.64 22.26 138.37 115.72 35.77 0.00 14.02 43.27 19.77 40.31 46.78 39.55 57.46 99.22 92.53 47.49 47.59 69.45 55.60 38.94 44.90 76.58 65.19 69.97 128.06 75.10 30.31 64.28 103.30 107.11 28.57 28.87 134.28 87.40 156.48 131.08 151.89 130.65 161.24 123.13 158.32 127.38 121.82 56.56 66.16 76.66 164.48 166.56 122.12 126.07 55.38 79.39 96.50 99.80 91.60 92.42 64.71 85.13 123.49 29.96 26.13 87.65 90.19 94.20 100.08 93.43 97.92 85.44 89.43 93.57 98.05 88.83 21.23 54.58 71.91 165.59 80.52 62.71 77.47 78.39 79.50 74.76 72.72 137.99 79.50 81.10 76.04 136.68 136.53 79.28 72.70 72.03 130.15 25.28 28.01 21.83 161.73 163.31 159.47 66.69 140.68 139.39 31.55 52.37 43.30 46.22 81.06 75.68 85.01 80.15 79.40 41.31 60.40 45.83 48.60 83.04 77.92 61.58 123.64 73.69 16.05 20.05 65.68 141.39 141.26 28.80 50.91 41.90 44.74 32.12 33.34 63.38 134.80 139.39 31.55 50.08 40.91 43.99 66.03 79.44 53.98 151.41
38.54 171.82 181.27 176.64 32.86 68.43 49.26 56.39 42.57 25.94 152.02 128.73 43.64 14.02 0.00 57.27 33.76 53.03 57.94 52.92 67.66 112.85 106.54 61.36 61.45 78.99 67.36 43.59 45.68 89.60 77.90 82.36 141.68 88.66 22.53 78.30 116.08 119.89 42.19 39.06 147.51 99.69 170.39 144.92 165.17 144.16 174.70 135.76 172.30 141.30 135.39 70.57 80.18 89.91 178.43 179.88 135.85 139.81 69.08 93.28 110.33 113.32 105.23 105.92 77.49 98.15 137.23 33.88 28.16 99.74 102.40 106.76 112.45 107.45 111.94 99.46 103.45 107.58 112.07 102.85 34.86 68.36 84.32 179.20 93.84 75.93 89.76 90.57 91.26 86.72 84.54 151.39 91.26 94.32 87.55 150.46 150.04 92.26 85.44 84.97 144.03 18.45 23.41 16.41 175.53 177.17 172.85 78.23 154.00 153.31 21.64 43.68 35.45 37.50 94.43 88.94 97.41 93.48 92.72 34.67 53.20 38.57 40.47 96.26 91.01 73.61 136.86 85.37 22.70 23.04 77.39 154.64 155.20 18.85 42.58 34.55 36.44 31.50 31.25 76.21 148.37 153.31 21.64 40.84 32.41 34.64 79.28 92.95 66.26 164.74
18.82 114.77 126.18 119.51 45.06 32.67 57.67 24.50 62.18 47.96 98.04 79.60 44.91 43.27 57.27 0.00 23.51 18.38 29.82 17.62 45.71 59.74 49.29 11.42 11.44 51.34 30.40 50.95 63.43 38.77 30.95 42.02 88.06 37.33 69.16 21.71 65.27 68.97 16.71 36.18 93.62 52.76 114.35 88.15 110.86 91.21 119.54 85.12 115.05 84.25 79.93 14.42 23.50 41.39 122.02 125.30 79.61 83.50 19.17 38.24 55.41 61.09 49.77 51.23 30.08 46.77 80.89 49.35 54.49 58.77 60.30 57.69 64.18 50.36 54.83 42.43 46.39 50.64 55.08 45.95 24.73 17.29 38.35 125.17 44.34 25.19 48.77 50.24 53.63 48.55 47.75 99.13 53.63 45.58 52.23 95.51 97.01 45.75 41.72 39.70 88.33 62.73 64.22 59.15 118.88 120.30 118.04 39.27 99.60 96.25 72.09 89.45 80.23 83.93 44.44 40.46 54.58 43.84 43.28 76.97 94.44 81.65 85.29 47.40 43.72 32.66 83.12 49.38 45.08 50.95 37.55 100.58 98.06 69.69 87.62 78.39 82.08 61.69 64.66 28.68 92.81 96.25 72.09 88.11 78.94 82.71 32.33 41.78 31.76 110.19
4.96 138.18 148.63 142.96 28.97 41.81 46.65 29.30 47.35 28.86 119.88 98.79 34.46 19.77 33.76 23.51 0.00 23.56 33.17 23.32 48.28 80.91 72.79 28.84 28.93 57.50 40.06 38.81 49.21 58.14 47.48 55.16 109.67 57.11 47.34 44.75 85.07 88.87 10.00 24.73 115.30 70.11 137.26 111.37 132.80 112.49 141.94 105.02 138.54 107.62 102.42 37.08 46.61 59.53 145.12 147.41 102.53 106.46 37.24 60.38 77.59 81.77 72.16 73.16 46.87 66.65 103.87 33.24 35.92 73.08 75.30 76.39 82.53 73.77 78.25 65.80 69.79 73.97 78.44 69.25 8.25 36.13 54.61 147.10 63.16 44.06 62.68 63.83 65.85 60.80 59.14 120.09 65.85 63.98 63.05 117.84 118.36 62.81 56.92 55.76 111.04 40.75 43.24 37.08 142.05 143.58 140.26 51.15 121.56 119.63 49.68 68.69 59.38 62.82 63.56 58.54 69.79 62.74 62.04 56.58 75.10 61.30 64.63 65.91 61.18 45.28 104.68 60.41 24.92 30.99 49.86 122.37 121.49 47.12 66.99 57.69 61.09 43.21 45.62 45.48 115.38 119.63 49.68 66.92 57.62 61.15 49.10 61.56 40.15 132.26
19.35 124.60 139.07 128.98 31.18 18.47 68.32 6.80 70.35 36.10 112.18 96.32 55.55 40.31 53.03 18.38 23.56 0.00 11.99 33.20 62.17 75.26 59.24 29.75 29.78 35.67 16.59 34.34 47.13 36.62 24.91 60.40 102.61 54.48 69.99 36.27 63.08 66.89 13.74 45.81 94.61 47.14 126.29 93.94 112.30 106.13 122.07 82.84 122.70 91.05 83.14 30.65 37.65 59.13 133.29 127.04 84.24 88.24 37.45 53.31 69.80 77.02 53.46 53.65 24.47 45.15 85.72 35.00 59.46 77.07 78.52 53.90 59.78 61.43 65.63 54.10 57.74 62.21 66.35 57.89 29.93 35.51 31.62 138.94 61.77 23.32 67.14 68.61 72.01 66.92 66.06 114.30 72.01 63.16 70.53 108.90 111.79 63.72 60.03 57.94 101.08 53.00 66.41 49.80 124.07 126.10 120.10 27.61 101.19 102.96 71.75 91.74 82.46 85.75 61.73 58.24 72.81 61.25 60.75 79.85 98.54 84.55 87.75 64.89 61.62 21.76 83.96 67.68 48.45 54.52 26.30 101.74 105.12 69.04 90.11 80.84 84.10 66.76 69.16 23.18 96.08 102.96 71.75 89.77 80.47 83.84 50.55 58.79 49.37 111.94
29.76 127.97 144.55 132.05 30.02 10.63 79.28 5.34 80.52 36.52 118.82 105.21 66.66 46.78 57.94 29.82 33.17 11.99 0.00 45.19 74.16 83.37 64.04 41.23 41.26 24.40 10.09 28.86 41.35 35.51 23.20 71.70 109.66 64.18 77.09 44.95 59.88 63.59 24.30 56.84 92.53 42.50 131.15 95.02 110.22 113.43 120.56 78.92 124.60 92.85 82.78 40.51 46.03 69.31 137.61 124.97 84.77 88.75 48.47 61.55 77.18 85.44 54.63 53.98 23.23 43.46 86.35 32.79 68.68 87.93 89.21 50.08 55.25 66.85 70.73 60.18 63.48 67.92 71.74 63.99 40.49 46.46 27.90 145.10 71.61 25.17 78.21 79.72 83.32 78.27 77.54 121.74 83.32 73.12 82.04 115.00 118.93 74.12 70.97 68.72 106.79 54.01 74.25 51.31 124.29 126.70 118.30 20.34 99.38 104.50 78.19 99.12 89.97 92.99 71.45 68.46 83.52 71.08 70.65 87.72 106.70 92.34 95.28 74.76 71.94 16.61 82.04 79.19 57.40 63.32 19.65 99.64 106.84 75.39 97.61 88.49 91.47 75.84 77.96 22.42 95.46 104.50 78.19 96.87 87.67 90.77 61.37 68.32 61.24 110.06
21.40 121.09 128.59 126.14 51.67 49.73 41.05 39.95 46.90 52.15 99.16 76.25 28.72 39.55 52.92 17.62 23.32 33.20 45.19 0.00 28.97 59.99 58.06 11.27 11.36 68.17 47.50 60.32 71.68 55.34 48.46 31.85 88.80 35.79 59.25 29.39 81.06 84.65 24.01 21.46 107.37 69.81 118.23 98.79 124.08 91.23 131.96 100.61 123.54 94.18 92.62 22.29 31.23 37.12 126.58 138.17 91.36 95.06 16.71 41.46 58.03 60.40 63.32 65.41 47.57 62.87 92.46 56.03 42.02 49.76 51.98 74.18 80.73 57.86 62.30 50.01 53.93 57.54 62.00 52.85 18.37 16.55 55.80 126.32 40.98 42.36 39.36 40.52 42.68 37.59 36.04 98.49 42.68 41.56 40.13 97.84 97.12 39.91 33.71 32.73 91.80 63.33 53.44 59.65 129.40 130.30 130.80 56.82 112.89 105.93 63.05 77.55 68.66 72.57 41.53 36.13 46.50 40.61 39.85 65.00 81.07 69.50 73.36 43.50 38.45 50.21 97.14 37.41 34.99 40.00 55.12 114.12 107.41 61.05 75.62 66.71 70.61 48.69 51.94 46.19 105.17 105.93 63.05 76.74 67.99 71.94 26.50 40.04 17.37 123.24
48.26 125.48 126.19 130.82 77.09 78.34 29.58 68.91 39.87 75.81 96.24 67.92 25.43 57.46 67.66 45.71 48.28 62.17 74.16 28.97 0.00 60.13 71.18 35.63 35.66 96.94 76.08 87.05 97.34 79.85 75.26 22.87 86.04 40.24 63.90 47.73 103.20 106.45 52.09 28.76 124.92 94.87 118.72 111.37 140.21 87.09 146.42 121.61 131.44 105.84 108.88 43.79 48.97 36.59 127.81 153.30 106.13 109.33 33.24 50.51 62.22 58.91 82.64 85.53 74.31 86.24 106.87 81.25 44.83 35.56 38.62 97.91 104.41 69.23 72.99 62.80 65.97 68.12 71.94 64.19 40.57 34.90 82.26 121.94 40.34 68.51 27.87 27.85 26.35 23.36 20.77 92.69 26.35 39.56 21.95 96.99 92.65 35.36 28.13 29.77 93.22 82.73 57.32 79.29 140.57 140.56 145.89 84.77 129.46 116.59 68.81 75.49 68.38 72.30 41.43 36.00 35.14 40.32 39.56 64.26 74.92 67.75 71.70 41.01 35.58 78.19 115.51 20.73 45.12 46.82 83.02 131.08 117.44 67.85 73.51 66.43 70.34 48.36 51.62 73.03 120.35 116.59 68.81 76.01 69.19 73.07 29.87 42.40 15.53 139.07
77.12 65.37 68.70 70.73 104.73 79.47 89.02 79.00 98.55 107.64 39.18 23.00 81.08 99.22 112.85 59.74 80.91 75.26 83.37 59.99 60.13 0.00 29.06 52.07 51.98 95.06 77.69 109.56 122.32 61.41 67.07 37.26 28.84 24.21 117.75 39.00 70.13 71.75 76.29 78.37 77.64 73.09 59.31 57.57 89.18 31.60 92.70 82.17 72.32 51.40 61.28 45.39 37.62 24.42 68.16 100.13 56.28 58.24 43.86 21.95 8.44 3.36 48.66 52.39 66.30 61.72 56.34 108.97 99.11 31.50 29.27 70.83 75.61 24.71 24.89 26.36 25.23 22.71 22.91 23.46 78.03 44.80 69.93 66.37 20.34 60.98 33.35 34.03 37.95 38.12 40.51 39.40 37.95 20.72 41.87 38.14 37.46 24.77 32.09 30.94 33.25 121.59 111.48 117.93 83.51 82.75 93.03 78.97 79.98 60.11 122.00 133.36 125.26 129.26 19.42 25.26 28.33 20.52 21.33 121.27 134.24 125.32 129.32 19.15 24.71 74.69 71.02 41.34 94.28 98.56 77.42 82.14 60.31 120.25 131.36 123.26 127.26 104.60 108.00 65.98 69.45 60.11 122.00 133.27 125.30 129.30 34.41 20.06 50.52 87.66
68.09 65.72 80.51 70.35 90.42 57.47 96.01 60.83 103.75 94.95 55.94 51.30 85.24 92.53 106.54 49.29 72.79 59.24 64.04 58.06 71.18 29.06 0.00 47.14 47.04 70.26 56.17 92.49 105.21 34.91 43.48 50.85 47.88 31.74 116.84 28.90 41.22 43.08 65.24 79.39 54.34 44.71 67.21 41.02 69.05 52.17 75.43 54.95 65.94 36.15 37.95 36.55 27.00 37.30 74.05 82.18 34.95 38.23 42.20 20.92 20.62 32.35 19.63 23.34 42.94 33.46 35.73 94.23 100.07 54.46 53.31 41.86 46.54 4.38 6.79 8.45 5.41 6.36 8.21 7.48 72.93 41.76 44.32 81.39 35.21 39.09 51.14 52.49 57.36 55.06 56.65 60.57 57.36 36.94 59.87 51.42 57.09 41.40 45.83 43.26 42.93 111.05 111.28 107.59 71.41 72.24 74.77 54.45 58.42 47.87 120.27 135.61 126.70 130.59 34.10 37.43 49.92 34.89 35.32 123.05 138.81 127.55 131.42 36.85 39.74 51.63 45.78 58.12 92.41 97.79 53.17 60.15 49.40 118.04 133.67 124.75 128.65 106.71 109.98 43.09 49.17 47.87 120.27 134.77 125.94 129.85 41.32 31.37 57.07 67.89
25.22 111.04 120.03 116.00 54.38 43.53 51.96 35.91 58.14 56.30 91.08 70.43 39.86 47.49 61.36 11.42 28.84 29.75 41.23 11.27 35.63 52.07 47.14 0.00 0.10 62.25 41.25 61.33 73.53 45.16 39.65 30.67 80.85 28.37 69.75 18.29 70.29 73.82 25.33 32.70 96.13 59.96 109.04 87.69 112.81 83.65 120.70 89.68 112.89 83.18 81.35 11.03 20.17 31.41 117.15 126.90 80.13 83.85 8.67 31.93 49.01 52.96 52.10 54.26 38.71 52.34 81.24 58.75 53.04 47.70 49.39 63.82 70.38 47.22 51.69 39.27 43.24 47.05 51.54 42.31 26.62 7.31 46.73 118.31 34.77 33.00 37.57 39.00 42.27 37.17 36.33 91.27 42.27 35.78 40.82 89.22 89.52 35.34 30.69 28.87 82.68 69.56 64.14 65.89 118.35 119.34 119.53 49.28 101.63 94.99 73.32 88.58 79.60 83.48 35.06 30.44 43.68 34.31 33.66 76.01 92.30 80.55 84.39 37.68 33.45 42.74 85.92 37.97 45.33 50.65 47.51 102.86 96.54 71.18 86.66 77.67 81.54 59.83 63.05 37.41 93.91 94.99 73.32 87.66 78.80 82.71 21.61 32.85 20.88 111.97
25.30 110.94 119.93 115.90 54.45 43.53 52.04 35.93 58.22 56.39 90.99 70.34 39.95 47.59 61.45 11.44 28.93 29.78 41.26 11.36 35.66 51.98 47.04 0.10 0.00 62.25 41.25 61.39 73.59 45.11 39.61 30.63 80.76 28.28 69.85 18.19 70.22 73.75 25.40 32.80 96.04 59.90 108.94 87.59 112.72 83.56 120.61 89.61 112.79 83.08 81.26 10.94 20.07 31.34 117.05 126.81 80.04 83.75 8.59 31.83 48.91 52.87 52.02 54.18 38.67 52.27 81.15 58.83 53.14 47.65 49.33 63.75 70.31 47.12 51.59 39.17 43.14 46.95 51.44 42.21 26.72 7.23 46.69 118.22 34.69 32.96 37.52 38.95 42.24 37.14 36.30 91.18 42.24 35.70 40.79 89.12 89.43 35.27 30.64 28.81 82.58 69.65 64.24 65.98 118.25 119.24 119.44 49.26 101.54 94.90 73.42 88.67 79.70 83.58 34.97 30.37 43.62 34.23 33.58 76.10 92.39 80.65 84.48 37.60 33.38 42.72 85.84 37.94 45.43 50.75 47.49 102.77 96.44 71.28 86.76 77.77 81.64 59.93 63.14 37.38 93.82 94.90 73.42 87.76 78.89 82.81 21.54 32.76 20.89 111.88
54.16 128.06 148.72 131.41 47.21 18.73 103.66 28.95 104.83 54.48 126.12 117.93 91.01 69.45 78.99 51.34 57.50 35.67 24.40 68.17 96.94 95.06 70.26 62.25 62.25 0.00 21.00 40.05 48.89 35.57 28.04 91.29 118.10 80.14 99.61 60.30 50.35 53.45 48.67 81.21 82.82 32.81 134.30 91.60 99.80 122.32 110.96 66.22 121.71 91.02 77.13 58.35 60.75 86.10 139.45 114.13 80.81 84.49 68.08 74.69 87.62 97.69 54.86 52.66 28.85 40.04 82.48 48.12 92.67 105.94 106.71 40.67 43.44 74.04 76.97 69.24 71.57 75.60 78.47 72.74 64.89 66.02 25.97 150.76 87.56 34.62 97.02 98.60 102.71 97.89 97.58 130.74 102.71 89.30 102.12 121.24 127.34 91.27 89.57 87.02 112.46 71.00 97.38 69.10 118.02 121.14 108.20 16.10 89.91 101.57 100.14 121.67 112.70 115.47 87.14 85.39 101.22 87.03 86.77 110.76 129.83 115.28 117.99 90.67 88.99 21.01 73.23 99.30 81.33 87.13 17.65 89.58 104.21 97.32 120.28 111.34 114.08 99.72 101.69 29.34 88.57 101.57 100.14 119.19 110.17 113.01 79.98 83.71 83.03 100.03
35.94 119.00 136.57 122.95 40.10 2.28 84.65 11.14 86.93 46.58 111.68 100.11 71.82 55.60 67.36 30.40 40.06 16.59 10.09 47.50 76.08 77.69 56.17 41.25 41.25 21.00 0.00 38.28 50.41 25.70 13.60 70.52 102.87 60.51 85.73 40.69 49.81 53.53 30.33 62.16 82.44 32.56 122.87 85.37 100.13 106.81 110.49 68.94 115.10 83.41 72.86 37.83 41.43 66.18 129.03 114.88 75.01 78.97 47.23 56.34 70.93 80.02 45.21 44.32 13.80 33.46 76.61 42.81 75.98 85.67 86.62 40.04 45.33 59.32 62.94 53.21 56.20 60.56 64.11 56.96 46.50 45.16 17.81 137.54 67.99 17.18 76.47 78.03 82.02 77.14 76.74 115.20 82.02 69.65 81.28 107.51 112.17 71.24 69.05 66.58 99.09 64.08 82.50 61.34 114.41 116.88 108.22 11.17 89.30 94.94 87.14 107.65 98.43 101.59 67.68 65.41 81.04 67.45 67.12 95.98 114.80 100.64 103.74 71.13 68.99 6.53 71.96 78.45 64.89 70.92 10.08 89.56 97.34 84.37 106.08 96.87 100.00 83.25 85.59 13.28 85.48 94.94 87.14 105.55 96.29 99.52 59.41 64.36 62.04 99.97
39.11 156.82 172.85 160.91 11.70 37.95 81.98 31.67 79.39 17.71 146.39 130.34 71.25 38.94 43.59 50.95 38.81 34.34 28.86 60.32 87.05 109.56 92.49 61.33 61.39 40.05 38.28 0.00 12.82 63.97 51.83 91.31 136.90 88.19 65.96 70.57 86.57 90.12 36.56 62.18 119.56 68.61 159.70 123.65 137.09 140.45 147.80 104.50 153.36 121.64 110.95 64.58 71.98 92.33 166.32 151.73 113.27 117.22 69.81 87.63 104.12 111.27 83.41 82.60 51.95 71.52 114.87 9.71 65.05 108.86 110.67 76.58 80.88 95.06 99.08 88.02 91.52 95.99 99.98 91.84 46.80 68.07 55.54 173.03 95.28 53.96 98.56 99.90 102.63 97.48 96.16 148.63 102.63 96.54 100.36 142.94 146.10 96.57 91.95 90.20 134.94 31.68 65.57 30.43 152.53 155.09 145.34 46.05 126.55 133.21 65.18 87.23 79.00 81.08 95.36 91.39 104.97 94.78 94.23 77.97 96.74 82.06 84.05 98.35 94.59 44.48 109.31 97.60 54.46 58.98 46.08 126.59 135.59 62.42 86.16 78.03 80.02 70.98 71.96 51.23 123.42 133.21 65.18 84.32 75.99 78.14 82.92 92.60 77.68 137.08
50.29 169.28 185.62 173.31 20.26 49.85 89.27 44.42 85.36 22.75 159.21 142.96 79.53 44.90 45.68 63.43 49.21 47.13 41.35 71.68 97.34 122.32 105.21 73.53 73.59 48.89 50.41 12.82 0.00 75.96 64.01 103.11 149.72 100.74 68.07 83.33 97.47 100.91 48.40 71.05 130.45 79.45 172.40 135.63 147.81 153.25 158.72 114.72 165.47 133.81 122.56 77.23 84.76 104.72 178.94 162.35 125.14 129.06 82.09 100.39 116.92 123.99 95.62 94.65 64.19 83.23 126.76 16.10 70.64 120.80 122.71 87.48 91.35 107.83 111.83 100.82 104.31 108.78 112.74 104.64 56.77 80.41 67.20 185.83 107.76 66.52 110.45 111.75 114.27 109.14 107.70 161.42 114.27 108.97 111.81 155.74 158.91 108.85 104.00 102.35 147.73 29.68 68.92 29.96 164.12 166.81 156.14 57.26 137.49 145.28 66.35 88.09 80.61 82.12 107.87 103.77 117.04 107.27 106.70 80.23 98.29 83.89 85.34 110.81 106.91 56.39 120.37 109.09 60.94 64.62 57.50 137.40 147.71 63.76 87.27 79.92 81.35 75.77 76.21 63.55 134.85 145.28 66.35 84.92 77.35 78.92 95.13 105.17 88.97 147.90
53.26 94.06 113.38 97.81 65.28 26.12 96.23 34.55 100.95 71.35 90.60 84.40 83.59 76.58 89.60 38.77 58.14 36.62 35.51 55.34 79.85 61.41 34.91 45.16 45.11 35.57 25.70 63.97 75.96 0.00 12.35 66.96 82.78 51.35 105.47 33.63 26.95 30.74 48.33 74.95 58.00 15.06 99.15 59.69 75.71 87.08 85.63 46.91 89.51 57.91 47.31 36.07 33.11 57.87 104.73 90.46 49.31 53.27 46.75 43.27 53.47 64.33 19.99 18.69 12.48 8.56 50.91 68.26 92.59 78.10 78.14 18.92 25.43 38.87 41.53 35.07 36.80 40.55 43.11 38.23 62.19 44.98 9.70 115.22 58.15 14.11 70.90 72.51 77.21 73.12 73.60 95.48 77.21 60.04 77.90 85.66 91.97 63.11 63.69 60.87 76.89 88.74 101.25 85.76 88.79 91.21 83.57 20.32 64.64 69.32 107.67 126.71 117.41 120.91 57.45 57.40 73.20 57.64 57.61 114.44 132.50 119.16 122.61 60.98 60.87 19.57 47.37 75.34 82.41 88.47 19.38 65.14 71.75 105.04 124.97 115.67 119.16 99.89 102.69 13.58 60.07 69.32 107.67 125.03 115.74 119.29 55.05 53.93 64.36 75.38
42.75 105.46 123.52 109.38 52.93 14.38 88.41 22.26 92.18 59.04 99.34 89.90 75.58 65.19 77.90 30.95 47.48 24.91 23.20 48.46 75.26 67.07 43.48 39.65 39.61 28.04 13.60 51.83 64.01 12.35 0.00 65.70 90.88 52.73 94.61 33.15 38.19 41.99 37.50 66.44 70.08 22.67 109.64 71.85 87.80 94.98 97.87 57.94 101.52 69.82 59.66 32.83 33.34 58.92 115.64 102.57 61.57 65.55 43.40 46.71 59.76 69.66 31.62 30.80 0.97 20.59 63.15 55.92 82.78 79.06 79.58 29.03 35.06 46.92 50.27 41.51 44.11 48.32 51.58 45.12 52.40 41.42 7.44 124.80 60.05 7.19 70.73 72.34 76.73 72.19 72.23 103.39 76.73 61.85 76.71 94.89 100.17 64.16 63.29 60.60 86.32 76.45 90.71 73.51 101.12 103.50 95.74 12.03 76.80 81.38 96.55 116.15 106.85 110.24 59.55 58.28 74.25 59.52 59.32 104.06 122.45 108.77 112.11 63.10 61.88 8.17 59.48 73.98 72.20 78.29 10.39 77.22 83.76 93.86 114.47 105.17 108.54 90.12 92.76 2.27 72.42 81.38 96.55 114.31 105.01 108.46 53.94 56.08 60.18 87.53
53.05 102.60 104.08 107.95 83.31 72.76 51.94 66.41 61.77 84.00 74.07 47.18 45.12 69.97 82.36 42.02 55.16 60.40 71.70 31.85 22.87 37.26 50.85 30.67 30.63 91.29 70.52 91.31 103.11 66.96 65.70 0.00 63.75 19.10 83.19 33.36 86.96 89.85 54.78 44.46 105.18 81.84 96.07 89.81 119.61 65.14 125.14 104.02 108.75 84.08 88.79 33.06 33.88 14.16 105.11 132.20 85.42 88.38 23.35 29.96 39.59 36.13 65.12 68.43 64.73 71.79 86.02 87.69 64.08 17.93 20.26 83.30 89.54 48.28 51.63 42.83 45.46 46.92 50.37 43.49 49.51 25.40 71.73 100.33 17.63 58.51 7.55 8.68 11.62 6.62 6.64 71.30 11.62 16.72 11.03 74.44 70.85 12.50 5.37 7.60 70.40 94.61 76.70 90.96 118.39 118.19 124.84 76.88 109.18 94.45 87.80 97.06 89.38 93.37 18.75 13.75 15.06 17.67 16.95 85.31 97.30 89.13 93.12 18.13 12.77 70.71 96.36 8.39 61.33 64.61 75.08 110.96 95.17 86.40 95.06 87.39 91.37 68.84 72.21 63.70 99.59 94.45 87.80 97.25 89.77 93.74 11.92 20.22 16.10 118.36
105.80 44.36 40.37 49.59 132.78 104.40 115.54 105.69 125.51 136.02 10.42 22.03 108.67 128.06 141.68 88.06 109.67 102.61 109.66 88.80 86.04 28.84 47.88 80.85 80.76 118.10 102.87 136.90 149.72 82.78 90.88 63.75 0.00 53.02 146.03 66.74 83.26 83.65 104.72 106.68 78.90 91.45 33.38 54.52 85.12 4.62 84.97 89.41 56.16 48.81 64.97 73.63 65.16 52.50 42.71 92.53 58.67 58.70 72.70 49.82 32.83 28.52 65.62 68.91 90.26 80.61 57.90 136.95 127.18 52.38 49.37 87.08 90.30 44.07 41.27 49.66 46.78 42.57 39.67 45.92 106.87 73.61 92.18 37.53 48.41 85.71 58.19 58.35 60.97 62.82 65.40 12.75 60.97 48.34 65.41 11.81 9.30 51.57 59.06 58.50 13.98 150.29 139.68 146.64 71.31 69.09 86.39 102.20 78.67 52.01 150.39 160.79 152.98 156.97 47.66 53.41 51.29 48.69 49.49 148.93 160.92 152.83 156.83 46.51 52.13 98.93 75.86 65.75 122.85 126.95 100.85 81.14 50.83 148.72 158.79 150.98 154.98 132.36 135.75 90.23 68.05 52.01 150.39 160.91 153.21 157.20 62.89 48.77 78.37 83.31
53.59 87.24 92.86 92.47 82.25 62.58 67.29 59.28 76.17 84.57 63.38 42.30 58.13 75.10 88.66 37.33 57.11 54.48 64.18 35.79 40.24 24.21 31.74 28.37 28.28 80.14 60.51 88.19 100.74 51.35 52.73 19.10 53.02 0.00 93.88 19.87 68.87 71.56 53.34 54.58 86.07 65.65 82.93 71.19 100.60 55.55 106.37 85.29 91.81 65.61 69.69 23.84 19.42 6.56 91.53 113.35 66.41 69.45 19.88 10.87 23.19 24.72 46.69 50.15 51.82 54.96 67.05 86.58 75.49 26.75 26.94 66.11 72.10 29.28 32.83 23.77 26.36 28.02 31.72 24.42 53.88 21.06 57.67 90.54 7.48 45.71 20.37 21.89 26.80 23.71 25.07 63.01 26.80 9.16 28.62 62.18 61.44 11.76 14.20 11.54 56.55 97.86 87.71 94.19 100.37 100.46 105.97 64.62 90.11 76.39 98.03 110.25 101.90 105.90 7.28 6.24 21.85 6.94 6.63 97.98 111.88 102.17 106.15 10.63 9.54 59.13 77.30 26.62 70.19 74.63 62.88 91.88 77.31 96.22 108.26 99.91 103.90 81.29 84.68 51.06 80.61 76.39 98.03 109.96 101.76 105.75 11.01 4.49 27.81 99.37
52.24 180.30 186.32 185.37 54.90 87.12 37.93 74.59 28.16 48.25 156.45 130.35 38.59 30.31 22.53 69.16 47.34 69.99 77.09 59.25 63.90 117.75 116.84 69.75 69.85 99.61 85.73 65.96 68.07 105.47 94.61 83.19 146.03 93.88 0.00 87.94 132.40 136.20 57.19 39.38 162.44 117.10 176.82 156.95 179.84 147.89 188.68 152.34 182.63 152.71 149.07 80.32 89.84 93.55 185.38 194.37 148.71 152.57 75.91 100.63 116.81 117.58 118.87 120.13 94.05 113.98 149.96 56.27 19.18 98.96 101.91 123.62 129.66 116.95 121.42 109.02 112.98 116.72 121.20 112.00 44.44 75.79 101.57 183.19 97.65 91.40 89.96 90.40 89.87 86.09 83.61 154.39 89.87 97.69 85.63 155.89 153.69 94.70 87.33 87.60 150.42 39.48 6.58 38.29 187.70 188.88 187.14 96.87 168.58 164.60 5.12 22.07 13.17 15.91 98.45 92.65 97.67 97.40 96.59 12.16 30.80 16.10 18.41 99.54 93.95 91.57 151.84 84.01 24.43 19.30 95.80 169.47 166.22 5.60 20.67 12.07 14.47 16.49 14.03 92.68 161.97 164.60 5.12 19.81 10.59 13.85 83.34 97.75 67.74 179.23
40.31 93.53 104.49 98.39 66.05 42.74 68.92 40.30 75.86 69.46 76.57 60.30 57.39 64.28 78.30 21.71 44.75 36.27 44.95 29.39 47.73 39.00 28.90 18.29 18.19 60.30 40.69 70.57 83.33 33.63 33.15 33.36 66.74 19.87 87.94 0.00 55.48 58.73 38.39 50.84 78.81 48.58 92.66 69.42 95.13 70.08 102.71 74.00 94.77 64.89 63.58 7.75 1.91 25.84 100.40 109.04 62.05 65.71 14.94 17.07 33.93 40.77 35.30 37.96 32.22 38.97 63.12 70.22 71.32 45.91 46.49 50.62 57.03 29.25 33.75 21.25 25.25 29.29 33.79 24.55 44.18 13.84 38.64 103.62 27.33 26.03 37.75 39.36 43.91 39.62 39.99 78.17 43.91 29.04 44.34 73.86 75.82 31.05 30.38 27.61 66.62 84.44 82.40 80.86 100.06 101.05 101.64 44.90 84.03 76.72 91.40 106.86 97.89 101.77 26.99 25.16 41.10 26.80 26.50 94.29 110.43 98.83 102.67 30.47 28.76 39.29 68.87 41.74 63.51 68.91 43.14 85.38 78.29 89.19 104.94 95.96 99.83 78.07 81.30 31.37 75.96 76.72 91.40 105.95 97.07 100.98 21.44 23.67 32.30 94.22
80.20 80.99 105.36 83.61 89.84 49.41 122.11 60.09 127.37 96.39 88.57 91.58 109.67 103.30 116.08 65.27 85.07 63.08 59.88 81.06 103.20 70.13 41.22 70.29 70.22 50.35 49.81 86.57 97.47 26.95 38.19 86.96 83.26 68.87 132.40 55.48 0.00 3.81 75.22 101.37 33.00 18.02 90.27 42.94 50.53 87.87 61.26 19.96 72.54 43.89 27.54 60.08 54.31 75.28 93.74 65.22 32.34 35.55 70.11 58.62 61.71 73.46 22.39 18.77 38.62 18.56 33.98 92.32 119.44 94.34 93.60 10.00 8.01 45.49 45.52 46.54 45.84 47.49 47.52 47.93 89.09 68.64 32.07 109.27 74.25 41.06 89.24 90.75 95.66 92.40 93.43 95.73 95.66 76.13 97.32 82.36 91.57 80.12 82.74 79.92 73.46 113.88 128.20 111.12 67.69 70.91 58.77 40.54 40.02 52.88 134.53 153.66 144.36 147.86 73.28 75.09 89.58 73.82 74.06 141.38 159.39 146.10 149.56 76.48 78.11 43.28 22.96 95.09 109.35 115.39 40.67 40.02 55.66 131.88 151.92 142.62 146.11 126.73 129.57 39.92 38.27 52.88 134.53 151.98 142.68 146.23 75.55 70.03 87.73 50.51
84.00 79.35 104.36 81.77 93.53 53.10 125.69 63.86 131.04 100.11 88.55 92.82 113.28 107.11 119.89 68.97 88.87 66.89 63.59 84.65 106.45 71.75 43.08 73.82 73.75 53.45 53.53 90.12 100.91 30.74 41.99 89.85 83.65 71.56 136.20 58.73 3.81 0.00 79.03 105.04 29.55 21.51 89.21 41.09 46.97 88.26 57.81 16.19 70.30 42.54 25.47 63.51 57.51 77.91 92.34 61.62 30.72 33.67 73.44 61.17 63.38 75.10 24.88 21.43 42.42 22.31 32.32 95.97 123.19 96.74 95.90 13.57 10.23 47.27 46.96 48.85 47.90 49.26 48.96 50.01 92.85 72.01 35.82 108.55 76.73 44.85 91.91 93.40 98.33 95.17 96.27 95.99 98.33 78.60 100.09 82.20 91.76 82.68 85.53 82.72 73.37 117.60 131.99 114.86 64.79 68.12 55.25 44.13 36.61 50.93 138.34 157.45 148.15 151.65 75.74 77.76 92.01 76.32 76.59 145.16 163.14 149.88 153.35 78.88 80.71 47.01 19.79 97.92 113.12 119.17 44.31 36.50 53.73 135.69 155.70 146.40 149.90 130.47 133.32 43.73 35.47 50.93 138.34 155.77 146.48 150.03 78.53 72.55 91.01 47.00
5.61 130.94 142.88 135.59 29.05 32.18 54.99 19.91 56.65 31.35 114.73 95.59 42.36 28.57 42.19 16.71 10.00 13.74 24.30 24.01 52.09 76.29 65.24 25.33 25.40 48.67 30.33 36.56 48.40 48.33 37.50 54.78 104.72 53.34 57.19 38.39 75.22 79.03 0.00 32.54 105.78 60.11 130.95 102.78 123.35 107.83 132.67 95.15 130.53 99.29 93.26 31.12 40.15 56.73 138.52 138.01 93.66 97.62 33.99 54.93 72.12 77.52 63.06 63.85 36.90 56.86 95.04 33.42 45.79 72.41 74.31 66.45 72.56 66.64 71.06 58.79 62.71 67.03 71.44 62.40 16.29 32.46 44.61 141.88 60.01 34.31 62.07 63.39 66.07 60.93 59.62 115.69 66.07 61.08 63.85 112.22 113.64 60.63 55.60 54.00 105.00 46.10 53.22 42.55 133.35 135.04 130.91 41.34 112.13 111.31 59.35 78.65 69.35 72.76 60.24 55.77 68.64 59.54 58.92 66.58 85.10 71.29 74.61 62.96 58.77 35.36 95.14 61.07 34.89 40.97 39.99 112.87 113.26 56.73 76.97 67.67 71.05 53.10 55.57 35.52 106.24 111.31 59.35 76.84 67.54 71.03 46.85 57.82 41.33 122.86
27.16 141.41 146.95 146.55 51.21 64.18 22.51 52.33 26.01 48.67 117.10 91.57 9.83 28.87 39.06 36.18 24.73 45.81 56.84 21.46 28.76 78.37 79.39 32.70 32.80 81.21 62.16 62.18 71.05 74.95 66.44 44.46 106.68 54.58 39.38 50.84 101.37 105.04 32.54 0.00 128.62 88.75 137.49 120.22 145.44 108.61 153.41 121.14 144.54 115.53 114.03 43.73 52.67 54.19 146.11 159.59 112.82 116.52 37.41 61.84 77.63 78.21 84.52 86.45 65.64 82.92 113.93 55.03 21.00 61.22 64.01 93.87 100.34 78.99 83.37 71.23 75.10 78.55 82.96 73.91 16.61 37.65 73.88 143.92 58.28 61.24 51.59 52.23 52.49 48.16 45.86 115.27 52.49 58.36 48.63 116.51 114.44 55.53 48.25 48.34 111.12 54.06 33.13 50.67 150.78 151.61 152.22 72.73 134.24 127.23 43.71 56.34 47.63 51.59 59.08 53.28 59.32 58.02 57.22 43.84 59.60 48.25 52.17 60.23 54.67 66.34 118.30 46.57 16.97 20.30 71.21 135.42 128.64 42.12 54.38 45.65 49.61 27.34 30.64 64.21 126.61 127.23 43.71 55.73 47.26 51.25 43.97 58.39 28.60 144.63
110.34 59.42 87.93 60.29 122.55 82.20 147.71 92.31 154.27 128.94 80.35 94.23 135.95 134.28 147.51 93.62 115.30 94.61 92.53 107.37 124.92 77.64 54.34 96.13 96.04 82.82 82.44 119.56 130.45 58.00 70.08 105.18 78.90 86.07 162.44 78.81 33.00 29.55 105.78 128.62 0.00 51.01 73.11 24.83 17.72 83.25 28.27 18.79 46.67 30.13 16.57 85.17 77.19 91.58 73.56 32.49 21.45 20.35 93.65 75.22 70.39 80.86 44.10 42.39 70.36 49.52 21.67 125.15 148.03 107.46 105.84 43.00 39.39 57.21 54.57 62.42 59.74 58.80 56.24 61.75 118.25 92.65 64.63 94.08 89.23 71.60 105.27 106.55 111.35 109.32 110.97 89.50 111.35 90.87 114.09 73.37 85.00 95.45 100.17 97.60 65.80 146.42 157.76 143.55 37.01 40.94 25.80 73.52 7.09 31.40 164.98 183.07 173.83 177.49 88.10 91.74 103.26 88.96 89.45 170.59 187.89 175.27 178.91 90.53 93.92 75.92 10.65 112.42 138.65 144.56 73.58 7.14 33.98 162.42 181.25 172.00 175.66 155.15 158.19 71.55 11.83 31.40 164.98 181.66 172.44 176.14 95.29 85.58 110.18 17.54
65.41 95.98 118.26 99.09 72.27 31.90 110.43 43.31 114.62 78.97 98.23 95.82 97.67 87.40 99.69 52.76 70.11 47.14 42.50 69.81 94.87 73.09 44.71 59.96 59.90 32.81 32.56 68.61 79.45 15.06 22.67 81.84 91.45 65.65 117.10 48.58 18.02 21.51 60.11 88.75 51.01 0.00 103.46 58.92 68.48 95.94 79.28 36.42 88.99 58.72 44.31 51.11 47.96 72.20 107.94 83.12 48.12 51.75 61.81 56.85 64.80 76.21 25.83 22.62 23.35 11.38 49.80 74.58 105.44 92.31 92.15 8.04 12.78 49.03 50.68 47.04 47.88 50.93 52.52 49.64 75.05 60.03 15.53 121.18 72.16 27.57 85.52 87.11 91.87 87.91 88.47 104.19 91.87 74.07 92.73 92.63 100.35 77.39 78.41 75.57 83.67 96.45 113.32 93.80 85.34 88.38 76.75 22.67 58.04 68.92 118.89 138.73 129.44 132.80 71.38 71.80 87.41 71.67 71.72 126.69 145.12 131.40 134.71 74.87 75.19 26.14 40.95 90.21 94.87 100.96 22.97 58.00 71.60 116.17 137.07 127.78 131.11 112.78 115.43 24.78 55.89 68.92 118.89 136.85 127.54 130.95 69.95 67.90 79.40 68.50
