120
0.00 68.68 74.63 70.96 146.11 114.97 68.80 68.92 67.66 48.67 19.77 29.75 33.54 30.13 66.18 87.95 86.10 39.73 39.83 39.73 39.78 39.16 60.82 106.45 95.38 94.78 140.13 102.27 33.94 63.22 115.78 116.32 77.16 13.81 121.88 84.16 154.15 130.71 147.99 116.99 149.98 109.00 152.21 136.94 136.95 49.74 73.98 77.39 171.31 168.43 114.19 118.00 100.78 103.00 113.77 123.06 115.02 114.68 64.37 94.76 138.86 72.52 73.29 97.02 94.81 106.95 86.09 90.62 96.13 88.01 88.28 89.29 100.57 83.82 30.94 95.07 57.68 151.67 70.08 68.63 58.49 57.57 83.46 53.00 91.12 145.83 97.08 104.39 94.58 149.03 145.91 102.17 97.65 80.17 150.86 23.45 29.19 26.71 154.74 156.82 148.14 49.41 128.89 132.47 33.33 45.34 45.75 56.62 68.54 96.75 78.90 77.37 85.10 43.02 102.98 44.08 45.67 70.93 68.72 46.29
68.68 0.00 42.62 37.90 95.93 66.50 24.77 37.94 51.35 30.06 49.87 60.16 45.90 56.51 2.50 82.76 78.71 62.71 62.72 61.32 60.13 36.26 39.37 41.28 28.50 27.66 86.64 38.23 74.71 44.05 59.44 62.23 15.90 55.79 105.99 42.99 117.61 94.87 109.01 100.77 132.41 83.31 141.97 89.83 83.45 61.94 33.44 37.10 125.61 123.23 99.04 104.41 32.13 42.54 57.87 62.07 55.50 55.34 32.89 42.52 86.20 35.50 43.17 35.59 37.29 49.24 64.08 66.04 67.98 52.80 60.28 68.82 63.41 67.38 37.75 26.63 62.11 131.81 56.73 28.46 57.01 63.28 24.77 67.99 24.43 93.25 30.75 41.03 27.26 96.98 93.35 37.93 31.56 27.02 94.72 79.57 69.53 67.08 130.64 132.57 125.84 53.40 111.87 117.14 88.86 98.43 76.48 75.51 70.56 34.26 37.68 43.62 36.93 72.59 82.08 77.90 83.35 59.79 48.18 66.48
74.63 42.62 0.00 5.15 135.80 107.98 17.85 6.38 14.17 62.82 63.60 82.83 70.66 79.66 42.31 121.76 117.97 89.65 89.71 88.49 87.50 36.92 13.82 75.90 63.09 61.99 125.62 74.68 60.13 82.54 98.75 102.29 31.25 67.26 147.74 85.55 159.82 137.36 151.04 142.45 174.66 125.63 183.54 130.79 122.57 93.14 75.51 79.39 166.03 163.83 140.54 145.82 58.59 81.25 97.51 98.32 93.41 93.38 72.82 84.38 125.54 7.16 1.80 74.62 78.06 88.76 105.34 107.78 110.20 95.22 102.23 110.08 106.04 107.83 51.59 56.99 96.20 174.22 95.51 69.89 92.23 97.14 66.51 99.30 60.44 132.32 65.75 77.71 61.27 136.12 132.42 74.22 66.75 69.55 132.00 72.21 57.88 57.23 173.23 175.17 168.35 85.77 153.84 159.01 77.71 82.92 54.76 47.11 106.62 72.75 80.09 85.45 79.51 52.21 39.82 57.38 62.82 98.35 87.73 95.48
70.96 37.90 5.15 0.00 131.85 103.66 13.18 2.16 15.80 57.67 59.17 78.09 65.74 74.87 37.46 116.61 112.83 84.74 84.80 83.57 82.57 32.65 10.82 72.47 59.50 58.41 121.81 71.02 58.54 77.40 94.82 98.25 27.47 63.04 142.71 80.72 155.33 132.74 146.61 137.41 169.70 120.70 178.49 126.62 118.74 88.09 70.56 74.47 162.00 159.76 135.49 140.75 55.75 77.34 93.52 94.84 89.68 89.63 67.73 79.94 121.67 3.47 5.30 70.62 73.82 84.77 100.29 102.76 105.25 90.33 97.25 105.01 101.27 102.73 46.93 53.70 91.08 169.30 90.37 64.88 87.09 92.02 62.06 94.25 56.65 128.52 62.16 74.05 57.71 132.31 128.62 70.58 63.14 64.89 128.49 69.90 55.82 54.92 168.40 170.34 163.46 80.67 148.83 153.99 75.96 81.83 54.17 47.61 101.47 68.82 75.21 80.47 74.83 51.33 44.88 56.65 62.20 93.21 82.61 90.51
146.11 95.93 135.80 131.85 0.00 31.37 118.97 132.44 146.66 98.65 127.41 120.70 112.63 118.53 97.35 81.98 79.69 114.14 114.07 113.23 112.45 128.56 135.15 61.38 73.12 74.22 11.45 61.53 165.40 83.48 37.05 33.73 104.55 132.76 67.47 62.11 35.90 32.07 27.49 66.17 74.59 52.62 91.03 10.66 13.82 104.69 72.97 69.17 30.40 28.49 67.69 70.78 80.71 54.55 38.34 40.18 42.84 42.79 82.09 54.45 10.66 128.82 136.81 61.23 58.65 47.09 66.32 61.88 55.94 58.64 61.20 65.83 47.09 71.69 121.69 80.02 97.12 70.69 80.73 79.03 93.16 98.05 71.33 106.15 75.40 6.37 70.50 58.54 74.98 5.25 6.31 62.02 69.50 70.94 16.47 165.26 159.49 156.50 63.38 64.23 63.76 100.20 67.01 71.37 175.70 186.99 169.97 170.83 92.39 63.05 67.70 68.78 62.90 165.92 172.00 170.84 175.87 81.54 78.72 111.17
114.97 66.50 107.98 103.66 31.37 0.00 90.54 104.01 117.80 67.29 96.11 90.38 81.59 88.00 67.64 60.46 57.17 84.56 84.49 83.54 82.67 97.64 105.86 39.30 47.91 48.93 25.63 37.39 134.13 52.96 15.53 10.74 77.06 101.53 59.62 30.83 52.47 32.57 43.37 56.04 78.07 36.81 92.10 23.55 22.65 75.71 41.60 37.81 59.51 57.00 56.20 60.99 57.96 29.07 14.96 26.97 22.80 22.41 50.77 24.03 24.11 100.85 108.81 34.45 29.97 21.52 40.16 36.54 31.58 28.74 33.77 41.36 19.92 46.33 90.34 55.41 68.71 75.74 52.22 47.68 64.15 69.78 41.76 78.01 49.03 30.91 45.56 34.90 49.72 34.05 30.99 37.93 44.65 40.34 37.29 133.90 128.19 125.19 71.57 73.16 68.77 70.33 62.47 67.91 144.33 155.62 138.98 140.36 66.09 36.61 36.34 37.91 31.72 134.92 145.84 139.76 144.73 53.64 48.73 82.34
68.80 24.77 17.85 13.18 118.97 90.54 0.00 13.50 27.79 47.06 54.06 70.92 57.60 67.48 24.48 104.98 101.10 76.45 76.49 75.19 74.11 29.74 17.63 60.31 47.17 46.10 109.07 58.53 62.96 65.69 81.98 85.30 15.38 58.82 130.13 67.70 142.15 119.58 133.43 124.86 156.91 107.85 166.01 113.56 105.96 78.60 57.75 61.59 149.04 146.77 123.01 128.32 44.75 64.54 80.63 82.54 77.05 76.98 55.53 66.78 108.87 10.76 18.42 57.75 60.75 71.88 87.84 90.15 92.44 77.40 84.54 92.58 88.18 90.57 41.00 41.91 80.79 156.42 78.68 52.25 76.43 81.81 48.89 84.82 44.07 115.76 49.80 61.55 45.43 119.55 115.86 58.11 50.78 51.74 116.07 72.12 59.14 57.57 155.38 157.32 150.52 70.73 136.17 141.37 79.57 86.98 61.00 56.67 90.69 56.01 62.27 67.77 61.68 57.62 57.49 63.10 68.76 81.61 70.64 81.70
68.92 37.94 6.38 2.16 132.44 104.01 13.50 0.00 14.60 56.67 57.36 76.47 64.28 73.28 37.37 115.80 112.05 83.27 83.32 82.11 81.12 30.76 8.65 73.39 60.35 59.27 122.50 71.81 56.41 76.65 95.44 98.79 28.32 61.14 142.25 80.59 155.51 132.81 146.84 136.94 169.36 120.42 177.97 127.06 119.40 86.80 70.29 74.24 162.53 160.27 134.98 140.23 56.97 77.98 94.11 95.72 90.42 90.36 67.16 80.21 122.32 5.21 5.91 71.22 74.25 85.35 99.79 102.35 104.94 90.11 96.88 104.51 101.20 102.11 45.24 54.72 89.96 169.02 89.60 64.51 86.05 90.87 62.32 92.95 57.40 129.19 63.00 74.84 58.58 132.98 129.29 71.38 63.99 64.96 129.33 67.73 53.66 52.76 168.24 170.19 163.24 79.48 148.42 153.55 73.81 79.74 52.17 45.83 100.45 69.45 75.01 80.11 74.86 49.28 45.50 54.62 60.19 92.41 81.94 89.10
67.66 51.35 14.17 15.80 146.66 117.80 27.79 14.60 0.00 65.82 60.08 80.74 70.15 77.92 50.44 125.36 121.80 88.71 88.78 87.69 86.82 34.04 12.65 87.96 74.88 73.81 136.84 86.30 48.26 86.78 109.72 112.95 42.89 62.63 153.39 93.17 168.86 145.88 160.33 148.06 180.95 132.32 188.79 141.02 133.72 93.67 82.44 86.52 176.63 174.32 145.96 151.09 71.53 92.31 108.34 110.26 104.84 104.77 78.24 93.86 136.61 19.26 12.43 85.49 88.24 99.59 110.90 113.80 116.82 102.36 108.56 115.56 113.91 112.67 49.79 69.32 97.84 180.85 99.51 76.39 94.51 98.63 76.04 99.63 71.85 143.53 77.53 89.33 73.12 147.31 143.63 85.88 78.51 78.20 143.84 61.56 46.93 46.85 180.51 182.49 175.28 87.09 159.76 164.74 65.89 70.06 41.52 33.06 108.87 83.78 87.41 91.92 87.96 39.37 37.37 44.28 49.55 102.15 92.40 95.05
48.67 30.06 62.82 57.67 98.65 67.29 47.06 56.67 65.82 0.00 29.15 31.47 17.85 27.93 28.12 59.54 55.98 32.74 32.75 31.34 30.15 35.27 53.41 59.45 50.11 49.77 91.94 54.96 67.73 21.48 67.13 67.81 44.96 34.90 88.57 36.66 111.40 87.58 104.10 83.25 116.68 69.54 123.42 90.09 88.73 32.23 25.73 29.49 125.45 122.70 80.95 85.91 58.28 54.71 65.12 74.55 66.44 66.08 16.76 46.13 90.80 56.72 62.58 49.11 46.31 58.31 46.69 50.31 54.52 42.66 46.01 51.10 55.49 47.45 23.75 51.98 33.73 117.11 33.80 20.03 29.45 34.77 35.72 38.40 46.03 97.86 51.26 56.76 49.79 101.20 97.95 54.94 51.63 31.72 102.40 66.61 61.66 58.56 117.94 119.99 112.12 23.94 95.21 99.93 77.05 88.43 74.21 78.29 43.81 49.15 30.96 31.32 36.54 70.16 101.89 74.49 79.00 36.36 27.47 36.45
19.77 49.87 63.60 59.17 127.41 96.11 54.06 57.36 60.08 29.15 0.00 21.32 16.57 19.23 47.38 75.90 73.36 30.67 30.76 30.00 29.46 26.74 50.43 86.73 75.86 75.29 121.00 82.53 42.60 45.78 96.26 96.95 59.99 6.06 108.77 65.30 137.58 113.88 130.92 103.65 137.18 93.40 141.22 118.53 117.80 38.51 54.75 58.33 153.42 150.60 100.99 105.29 81.77 83.24 94.25 103.33 95.32 94.99 45.34 75.27 119.82 59.94 62.59 77.24 75.09 87.29 70.12 74.43 79.57 70.01 71.37 73.81 82.78 68.82 13.20 75.90 45.23 138.39 54.58 49.18 44.41 45.52 63.69 43.46 71.60 126.85 77.49 84.63 75.13 130.12 126.93 82.43 78.04 60.45 131.54 38.30 36.57 33.38 140.59 142.68 134.26 35.21 115.73 119.79 48.84 60.60 51.83 59.53 56.82 76.98 59.83 59.01 65.69 48.13 97.27 51.24 54.70 56.01 51.64 37.57
29.75 60.16 82.83 78.09 120.70 90.38 70.92 76.47 80.74 31.47 21.32 0.00 14.25 3.64 57.90 58.22 56.37 10.19 10.29 10.02 10.03 46.80 70.31 90.15 81.48 81.18 115.99 85.50 61.14 37.42 93.95 93.55 73.40 21.59 92.14 60.41 125.62 102.53 119.94 87.27 120.24 80.02 122.77 110.96 112.93 19.99 52.13 54.62 144.15 141.22 84.46 88.25 89.72 84.08 91.88 102.99 94.68 94.27 42.44 73.20 114.48 78.34 82.01 79.21 75.38 86.37 57.62 62.26 68.02 62.07 60.69 60.42 73.96 54.72 31.31 83.44 28.01 121.93 41.59 48.34 29.39 27.85 66.29 23.57 77.44 121.18 82.51 87.00 81.22 124.11 121.26 85.54 82.82 61.38 127.37 53.01 55.45 52.40 125.08 127.16 118.45 20.85 99.15 102.73 63.06 75.08 71.60 80.29 38.80 79.55 56.12 52.58 63.48 68.15 118.08 70.61 73.32 42.00 41.99 17.06
33.54 45.90 70.66 65.74 112.63 81.59 57.60 64.28 70.15 17.85 16.57 14.25 0.00 10.61 43.65 59.84 57.13 19.00 19.06 17.83 16.85 36.27 58.88 77.24 67.93 67.56 106.90 72.70 59.11 29.77 83.33 83.48 59.26 20.74 92.35 50.86 121.31 97.68 114.84 87.19 120.77 76.88 125.21 103.40 103.75 23.85 41.20 44.31 137.83 134.97 84.56 88.95 75.76 72.02 81.28 91.53 83.31 82.93 31.42 62.30 105.57 65.67 70.01 66.70 63.46 75.06 53.63 57.99 63.24 54.48 55.15 57.26 67.09 52.25 20.59 69.52 29.51 121.91 38.01 36.48 28.06 29.98 53.44 29.59 63.82 112.49 69.10 74.41 67.56 115.63 112.57 72.70 69.48 49.05 117.86 54.46 53.04 49.84 124.03 126.12 117.71 19.01 99.29 103.42 64.98 76.87 67.92 74.72 41.13 66.84 45.84 43.86 52.53 64.11 107.45 67.51 71.15 39.46 35.44 24.95
30.13 56.51 79.66 74.87 118.53 88.00 67.48 73.28 77.92 27.93 19.23 3.64 10.61 0.00 54.26 58.31 56.22 11.44 11.53 10.83 10.43 43.91 67.28 86.80 77.99 77.67 113.56 82.18 60.31 35.07 91.14 90.87 69.78 20.45 91.98 57.78 124.37 101.12 118.49 87.03 120.21 78.98 123.24 108.90 110.48 20.11 49.17 51.81 142.43 139.51 84.26 88.21 86.14 80.93 89.08 99.99 91.70 91.29 39.43 70.30 112.10 75.05 78.87 75.95 72.25 83.39 56.28 60.88 66.54 59.90 59.00 59.30 72.00 53.74 28.28 79.87 27.71 121.76 40.23 45.17 28.38 27.72 62.94 24.47 73.94 118.86 79.05 83.73 77.71 121.84 118.94 82.21 79.38 58.15 124.85 53.02 54.49 51.38 124.66 126.74 118.10 19.43 98.99 102.72 63.25 75.29 70.41 78.65 38.92 76.25 53.32 50.11 60.55 66.85 115.29 69.55 72.51 40.90 39.93 18.36
66.18 2.50 42.31 37.46 97.35 67.64 24.48 37.37 50.44 28.12 47.38 57.90 43.65 54.26 0.00 81.93 77.91 60.65 60.67 59.28 58.09 34.02 38.27 43.46 30.79 29.97 88.20 40.28 72.50 42.99 61.03 63.69 17.19 53.30 105.81 43.26 118.42 95.53 109.90 100.56 132.45 83.37 141.75 91.05 85.00 60.16 33.32 37.11 126.89 124.48 98.78 104.12 34.63 44.31 59.43 64.01 57.30 57.12 32.04 43.61 87.71 35.24 42.76 37.38 38.73 50.85 63.71 65.82 67.98 52.92 60.15 68.45 63.83 66.80 35.25 29.10 60.58 131.94 55.79 28.02 55.58 61.74 26.05 66.25 26.67 94.79 32.99 43.04 29.60 98.50 94.89 40.00 33.78 27.76 96.46 77.18 67.27 64.78 130.94 132.88 126.04 51.66 111.77 117.01 86.52 96.16 74.49 73.81 69.28 36.13 37.79 43.41 37.56 70.57 81.96 75.85 81.28 58.82 47.34 64.57
87.95 82.76 121.76 116.61 81.98 60.46 104.98 115.80 125.36 59.54 75.90 58.22 59.84 58.31 81.93 0.00 4.21 48.26 48.16 48.22 48.21 93.61 112.94 85.60 85.33 85.79 82.47 81.23 118.30 39.29 72.75 69.38 98.56 78.52 34.17 47.26 73.83 54.17 70.69 29.61 62.03 29.99 65.37 71.33 80.32 38.27 51.23 49.01 97.05 94.04 26.70 30.09 97.07 74.66 71.10 84.90 77.90 77.40 49.89 60.33 80.35 115.28 121.69 74.52 67.86 71.35 22.91 24.78 28.93 38.87 29.72 19.79 40.88 17.09 79.14 91.49 30.73 63.86 26.29 54.68 31.93 30.60 68.86 35.30 83.23 85.16 84.50 80.65 86.34 86.76 85.20 81.61 84.12 62.58 94.45 111.21 112.35 109.18 67.69 69.74 60.85 40.83 41.15 44.52 121.27 133.29 127.68 134.45 19.42 76.30 49.33 41.65 55.51 123.91 161.23 127.13 130.47 23.41 34.58 42.05
86.10 78.71 117.97 112.83 79.69 57.17 101.10 112.05 121.80 55.98 73.36 56.37 57.13 56.22 77.91 4.21 0.00 46.60 46.50 46.44 46.33 90.33 109.33 81.50 81.14 81.59 79.71 77.12 115.89 35.44 69.10 65.85 94.48 76.23 35.78 43.09 73.35 52.85 69.70 30.92 64.01 28.49 68.21 69.03 77.47 36.38 47.05 44.81 95.89 92.88 28.09 32.02 92.87 70.61 67.42 81.21 74.10 73.60 45.88 56.27 77.62 111.44 117.93 70.39 63.74 67.44 18.88 21.06 25.59 34.82 25.76 16.07 37.42 12.94 76.08 87.28 28.51 65.57 22.46 50.56 29.07 28.54 64.65 34.01 79.02 82.65 80.32 76.57 82.14 84.38 82.69 77.49 79.95 58.38 91.74 109.23 109.90 106.72 68.89 70.95 62.16 38.17 42.79 46.53 119.39 131.42 125.04 131.54 17.77 72.15 45.12 37.44 51.33 121.24 157.51 124.57 128.03 19.67 30.58 40.68
39.73 62.71 89.65 84.74 114.14 84.56 76.45 83.27 88.71 32.74 30.67 10.19 19.00 11.44 60.65 48.26 46.60 0.00 0.10 1.40 2.60 54.68 77.71 88.52 81.11 80.94 110.17 83.77 71.31 32.33 89.60 88.72 77.07 31.62 82.31 55.69 117.05 94.30 111.74 77.51 110.29 71.23 112.61 104.13 107.21 10.42 48.90 50.73 136.46 133.50 74.67 78.34 90.30 81.37 87.54 99.39 91.08 90.64 39.77 69.39 108.55 84.66 88.98 77.14 72.62 82.79 49.50 54.18 60.09 55.87 53.29 51.87 67.09 46.00 38.92 83.95 18.69 112.08 33.76 46.22 21.22 18.31 64.93 13.38 77.28 115.06 81.82 84.94 81.08 117.81 115.13 83.87 82.02 59.42 121.81 63.09 65.59 62.52 115.45 117.52 108.75 14.35 89.32 92.79 73.05 85.05 81.66 90.08 28.90 77.76 52.15 47.47 59.92 78.16 126.07 80.72 83.49 33.66 35.84 6.95
39.83 62.72 89.71 84.80 114.07 84.49 76.49 83.32 88.78 32.75 30.76 10.29 19.06 11.53 60.67 48.16 46.50 0.10 0.00 1.40 2.60 54.75 77.77 88.49 81.09 80.92 110.11 83.74 71.40 32.27 89.55 88.66 77.09 31.72 82.21 55.64 116.95 94.21 111.65 77.42 110.19 71.14 112.51 104.05 107.15 10.33 48.86 50.68 136.38 133.41 74.57 78.24 90.29 81.33 87.48 99.35 91.03 90.59 39.74 69.35 108.48 84.72 89.03 77.11 72.58 82.74 49.41 54.10 60.01 55.80 53.21 51.78 67.01 45.91 38.99 83.94 18.59 111.98 33.67 46.20 21.13 18.22 64.90 13.28 77.27 114.98 81.80 84.91 81.06 117.73 115.06 83.84 82.00 59.39 121.75 63.19 65.68 62.61 115.35 117.42 108.65 14.29 89.22 92.69 73.15 85.15 81.75 90.17 28.80 77.73 52.11 47.41 59.88 78.25 126.14 80.81 83.59 33.57 35.78 6.86
39.73 61.32 88.49 83.57 113.23 83.54 75.19 82.11 87.69 31.34 30.00 10.02 17.83 10.83 59.28 48.22 46.44 1.40 1.40 0.00 1.20 53.67 76.62 87.18 79.73 79.55 109.16 82.43 70.97 31.16 88.43 87.59 75.71 31.20 82.19 54.53 116.50 93.67 111.11 77.36 110.24 70.73 112.77 103.25 106.19 10.09 47.62 49.50 135.73 132.77 74.53 78.27 88.90 80.08 86.37 98.17 89.85 89.42 38.45 68.17 107.55 83.46 87.83 75.82 71.33 81.55 48.82 53.50 59.38 54.87 52.48 51.29 66.20 45.46 37.90 82.55 18.29 111.97 32.99 44.88 20.48 18.00 63.57 13.68 75.90 114.08 80.45 83.62 79.69 116.86 114.16 82.53 80.65 58.08 120.77 63.03 65.21 62.12 115.24 117.31 108.57 13.25 89.20 92.74 73.06 85.07 81.21 89.47 28.81 76.43 50.93 46.34 58.67 77.67 125.04 80.31 83.17 33.00 34.81 7.59
39.78 60.13 87.50 82.57 112.45 82.67 74.11 81.12 86.82 30.15 29.46 10.03 16.85 10.43 58.09 48.21 46.33 2.60 2.60 1.20 0.00 52.82 75.70 86.03 78.54 78.37 108.30 81.29 70.71 30.18 87.44 86.63 74.54 30.88 82.11 53.55 116.04 93.14 110.58 77.24 110.22 70.31 112.92 102.50 105.32 9.96 46.53 48.45 135.12 132.16 74.43 78.23 87.71 78.98 85.37 97.12 88.81 88.37 37.32 67.13 106.70 82.43 86.86 74.69 70.23 80.50 48.26 52.93 58.79 54.03 51.80 50.82 65.45 45.03 37.05 81.36 18.02 111.89 32.36 43.74 19.90 17.82 62.41 14.05 74.71 113.26 79.27 82.49 78.50 116.05 113.33 81.38 79.47 56.94 119.89 63.00 64.91 61.81 115.07 117.15 108.42 12.35 89.12 92.71 73.08 85.11 80.84 88.97 28.79 75.28 49.89 45.38 57.61 77.27 124.17 79.98 82.91 32.48 33.94 8.29
39.16 36.26 36.92 32.65 128.56 97.64 29.74 30.76 34.04 35.27 26.74 46.80 36.27 43.91 34.02 93.61 90.33 54.68 54.75 53.67 52.82 0.00 23.70 77.48 64.76 63.90 120.27 74.20 38.48 56.73 93.49 95.52 39.94 30.39 123.76 68.87 145.25 121.55 137.47 118.44 151.93 104.66 158.30 121.14 117.03 60.00 57.43 61.61 157.06 154.46 116.10 120.97 67.06 77.57 91.72 97.63 90.54 90.32 50.59 74.12 119.53 33.75 35.87 70.75 70.98 83.50 81.95 85.49 89.47 76.55 80.96 86.37 89.11 82.62 15.77 62.26 64.76 152.38 68.69 51.01 61.98 65.45 58.17 65.85 60.68 126.68 67.00 76.89 63.48 130.29 126.78 73.94 67.80 57.64 129.32 44.18 33.29 30.91 153.13 155.17 147.37 53.95 130.44 135.10 52.93 62.19 41.43 43.45 76.10 69.74 62.85 65.31 65.96 37.39 71.41 42.44 47.69 71.02 62.74 61.07
60.82 39.37 13.82 10.82 135.15 105.86 17.63 8.65 12.65 53.41 50.43 70.31 58.88 67.28 38.27 112.94 109.33 77.71 77.77 76.62 75.70 23.70 0.00 77.60 64.39 63.35 125.58 75.57 47.90 74.22 98.39 101.42 32.97 53.78 140.75 80.66 156.57 133.49 148.12 135.42 168.30 119.68 176.18 129.20 122.43 82.06 69.86 73.95 164.95 162.59 133.33 138.47 62.38 81.11 96.92 99.66 93.85 93.74 65.59 81.85 125.26 13.47 12.48 74.22 76.56 88.20 98.26 101.15 104.19 89.78 95.92 102.92 101.42 100.07 39.01 59.44 85.86 168.21 87.00 63.77 82.34 86.70 64.14 88.11 61.08 132.25 67.00 78.56 62.71 136.01 132.34 75.17 67.96 65.97 133.03 59.08 45.04 44.10 167.90 169.89 162.65 75.18 147.11 152.10 65.24 71.42 44.27 39.09 96.73 72.62 74.87 79.29 75.64 41.19 48.83 46.60 52.22 89.67 79.81 83.83
106.45 41.28 75.90 72.47 61.38 39.30 60.31 73.39 87.96 59.45 86.73 90.15 77.24 86.80 43.46 85.60 81.50 88.52 88.49 87.18 86.03 77.48 77.60 0.00 13.23 14.26 50.52 4.81 115.96 58.26 25.49 30.12 45.07 92.78 95.62 38.90 90.68 71.87 81.33 91.24 116.79 71.32 130.00 58.47 47.68 83.15 40.42 40.03 91.76 89.85 90.66 95.94 19.42 11.47 25.04 22.43 18.66 18.80 48.81 25.31 50.78 69.20 77.10 11.77 17.93 17.94 62.71 61.64 59.73 46.76 56.07 66.35 49.21 68.59 76.50 18.98 79.18 114.73 65.85 42.30 73.50 80.47 23.86 87.85 16.94 57.18 10.69 5.05 14.90 60.97 57.28 4.66 9.79 29.11 56.12 120.06 110.69 108.15 110.85 112.46 107.85 75.14 99.61 105.16 129.68 139.55 117.61 115.77 82.37 10.78 39.00 46.31 31.29 113.76 110.76 119.11 124.60 68.62 58.02 89.43
95.38 28.50 63.09 59.50 73.12 47.91 47.17 60.35 74.88 50.11 75.86 81.48 67.93 77.99 30.79 85.33 81.14 81.11 81.09 79.73 78.54 64.76 64.39 13.23 0.00 1.10 62.65 11.62 103.19 53.20 36.25 40.31 32.03 81.91 99.91 38.20 100.30 79.93 91.09 95.17 123.07 75.59 135.25 69.13 59.66 77.01 35.85 36.85 103.50 101.44 94.20 99.61 11.85 19.07 35.28 35.38 30.40 30.40 42.45 28.05 62.69 56.29 64.23 13.68 19.74 26.83 63.00 62.91 62.25 47.65 56.98 67.18 53.33 68.28 64.90 7.54 74.20 121.46 62.83 35.75 68.51 75.49 17.25 82.25 4.27 69.35 2.66 14.65 1.87 73.15 69.45 11.15 3.66 23.66 68.99 107.86 98.03 95.57 118.40 120.13 114.79 68.60 104.58 110.13 117.29 126.93 104.53 102.54 79.13 11.45 36.26 44.01 29.90 100.71 98.96 106.08 111.60 65.83 54.32 82.91
94.78 27.66 61.99 58.41 74.22 48.93 46.10 59.27 73.81 49.77 75.29 81.18 67.56 77.67 29.97 85.79 81.59 80.94 80.92 79.55 78.37 63.90 63.35 14.26 1.10 0.00 63.75 12.73 102.32 53.31 37.34 41.38 30.95 81.34 100.67 38.73 101.34 80.91 92.13 95.92 123.94 76.37 136.05 70.21 60.76 76.98 36.07 37.19 104.60 102.54 94.91 100.33 11.29 20.13 36.36 36.46 31.50 31.50 42.46 28.86 63.79 55.20 63.14 14.63 20.58 27.89 63.53 63.51 62.94 48.26 57.56 67.74 54.12 68.76 64.24 6.60 74.27 122.35 63.10 35.77 68.59 75.57 17.46 82.26 3.75 70.45 3.76 15.75 0.79 74.25 70.55 12.25 4.76 23.89 70.08 107.09 97.18 94.74 119.34 121.07 115.70 68.54 105.38 110.92 116.49 126.08 103.59 101.54 79.36 12.41 36.63 44.39 30.42 99.78 97.87 105.15 110.68 66.11 54.55 82.83
140.13 86.64 125.62 121.81 11.45 25.63 109.07 122.50 136.84 91.94 121.00 115.99 106.90 113.56 88.20 82.47 79.71 110.17 110.11 109.16 108.30 120.27 125.58 50.52 62.65 63.75 0.00 51.02 157.69 78.57 27.21 24.76 94.40 126.56 72.62 56.05 46.37 37.90 37.45 70.56 83.05 54.58 99.12 15.10 3.25 101.21 66.26 62.74 41.38 39.67 71.67 75.39 69.72 44.53 28.78 28.90 32.25 32.25 75.76 46.43 2.25 118.71 126.69 51.38 49.54 37.41 64.40 60.30 54.67 54.32 58.52 64.73 44.24 70.25 114.40 69.35 94.06 79.47 77.54 72.00 89.64 95.09 62.38 103.30 65.18 6.70 60.00 48.00 64.50 10.50 6.80 51.50 59.00 62.72 12.08 158.39 151.87 148.96 72.75 73.79 72.41 95.96 73.16 77.93 168.73 179.80 161.68 161.96 90.63 53.06 61.23 63.45 55.54 157.66 161.28 162.69 167.84 78.76 74.36 107.83
102.27 38.23 74.68 71.02 61.53 37.39 58.53 71.81 86.30 54.96 82.53 85.50 72.70 82.18 40.28 81.23 77.12 83.77 83.74 82.43 81.29 74.20 75.57 4.81 11.62 12.73 51.02 0.00 112.67 53.46 24.78 29.05 43.54 88.56 92.28 34.33 89.44 69.83 80.16 87.79 114.12 67.92 126.99 57.81 48.04 78.35 35.61 35.26 91.92 89.89 87.10 92.43 20.57 8.42 23.97 24.11 18.77 18.78 44.04 21.16 51.07 67.84 75.80 7.00 13.39 15.90 58.38 57.49 55.84 42.47 51.83 62.13 45.67 64.19 72.57 18.59 74.38 112.22 61.14 37.55 68.70 75.67 19.27 83.05 14.49 57.73 8.98 3.04 13.48 61.53 57.83 0.54 7.98 24.35 57.54 116.35 107.30 104.71 108.66 110.32 105.41 70.35 96.48 102.03 126.07 136.12 114.70 113.31 77.66 6.00 34.25 41.61 26.59 110.82 110.49 116.12 121.56 63.93 53.26 84.64
33.94 74.71 60.13 58.54 165.40 134.13 62.96 56.41 48.26 67.73 42.60 61.14 59.11 60.31 72.50 118.30 115.89 71.31 71.40 70.97 70.71 38.48 47.90 115.96 103.19 102.32 157.69 112.67 0.00 87.31 131.29 132.98 76.34 39.87 151.37 104.09 178.92 155.10 171.79 146.25 179.78 135.58 183.49 157.36 154.44 80.37 92.78 96.80 192.99 190.28 143.60 147.86 104.86 115.81 129.44 135.96 128.71 128.47 84.45 111.28 156.82 61.37 58.39 109.05 108.88 121.45 112.27 116.43 121.30 110.36 112.92 116.14 123.21 111.30 44.03 100.38 87.57 181.00 97.01 86.52 87.00 87.75 96.19 84.65 99.14 163.96 105.46 115.33 101.88 167.48 164.05 112.41 106.27 95.01 167.18 15.32 6.12 9.31 183.11 185.19 176.82 77.78 158.34 162.37 17.65 24.12 12.35 24.77 99.05 108.11 98.19 99.04 102.50 10.94 77.13 10.24 12.20 98.56 93.35 78.20
63.22 44.05 82.54 77.40 83.48 52.96 65.69 76.65 86.78 21.48 45.78 37.42 29.77 35.07 42.99 39.29 35.44 32.33 32.27 31.16 30.18 56.73 74.22 58.26 53.20 53.31 78.57 53.46 87.31 0.00 57.28 56.46 59.95 50.46 67.10 23.37 91.84 68.11 85.15 61.78 95.21 48.51 102.10 73.96 75.52 25.17 17.85 18.77 108.09 105.22 59.50 64.50 63.95 49.93 55.21 67.22 58.92 58.47 11.57 37.24 77.07 76.00 82.51 46.54 41.28 50.67 25.37 29.25 33.99 24.91 25.65 29.67 37.35 26.02 44.18 57.76 21.05 95.68 12.99 17.83 15.35 22.35 36.01 29.59 50.01 83.80 53.29 54.18 53.65 86.76 83.87 53.65 53.26 29.75 89.98 84.04 81.19 78.01 96.72 98.78 90.79 18.01 73.73 78.46 94.58 106.38 94.75 99.51 26.94 47.54 20.10 15.24 28.05 90.75 122.13 94.80 99.00 15.93 6.11 31.71
115.78 59.44 98.75 94.82 37.05 15.53 81.98 95.44 109.72 67.13 96.26 93.95 83.33 91.14 61.03 72.75 69.10 89.60 89.55 88.43 87.44 93.49 98.39 25.49 36.25 37.34 27.21 24.78 131.29 57.28 0.00 4.95 67.50 102.03 75.00 33.92 65.23 47.39 55.87 71.27 93.43 51.71 107.62 33.07 24.04 81.84 42.15 39.34 67.34 65.23 71.27 76.19 44.83 17.50 2.07 12.21 7.43 7.11 51.95 21.05 26.89 91.77 99.77 24.23 22.52 10.20 50.81 48.04 44.07 36.40 43.91 53.04 32.10 57.15 88.59 43.37 75.79 90.96 59.87 47.16 70.64 76.98 35.37 85.12 38.37 33.86 33.66 21.89 38.11 37.62 33.96 25.30 32.67 36.40 35.89 132.83 125.57 122.72 86.40 87.91 83.94 75.27 77.99 83.44 143.03 153.83 134.83 134.83 75.30 26.01 37.84 42.24 30.80 130.83 135.21 135.93 141.16 61.90 54.41 88.52
116.32 62.23 102.29 98.25 33.73 10.74 85.30 98.79 112.95 67.81 96.95 93.55 83.48 90.87 63.69 69.38 65.85 88.72 88.66 87.59 86.63 95.52 101.42 30.12 40.31 41.38 24.76 29.05 132.98 56.46 4.95 0.00 71.07 102.63 70.34 33.16 60.56 42.44 51.23 66.70 88.49 47.29 102.73 28.83 21.51 80.57 42.36 39.20 63.75 61.53 66.79 71.64 49.35 21.29 5.10 16.35 12.38 12.04 52.09 21.83 24.08 95.26 103.26 27.69 24.96 13.58 47.90 44.84 40.51 34.27 41.11 49.80 28.52 54.23 89.86 47.58 74.19 86.01 58.00 47.78 69.21 75.34 37.73 83.54 42.14 31.20 37.78 26.25 42.17 34.87 31.30 29.57 36.81 37.98 34.60 133.98 127.19 124.29 81.46 82.98 78.99 74.36 73.20 78.63 144.27 155.23 136.93 137.34 72.99 29.63 37.67 41.25 31.26 132.91 139.17 137.94 143.09 59.85 53.14 87.26
77.16 15.90 31.25 27.47 104.55 77.06 15.38 28.32 42.89 44.96 59.99 73.40 59.26 69.78 17.19 98.56 94.48 77.07 77.09 75.71 74.54 39.94 32.97 45.07 32.03 30.95 94.40 43.54 76.34 59.95 67.50 71.07 0.00 65.49 120.84 57.12 129.23 107.26 120.32 115.67 146.69 97.65 156.84 99.66 91.34 77.16 48.53 51.90 134.79 132.60 114.07 119.48 29.50 50.00 66.26 67.40 62.22 62.18 48.75 53.85 94.30 24.31 32.30 43.39 47.09 57.53 79.39 81.06 82.55 67.18 75.19 84.10 76.86 82.96 46.92 26.54 77.77 145.84 72.60 44.03 72.77 78.92 36.23 83.29 29.21 101.10 34.69 46.58 30.25 104.89 101.20 43.10 35.68 40.25 101.03 83.97 71.97 70.04 144.14 146.01 139.65 68.73 126.51 131.87 92.23 100.46 75.51 71.88 86.42 41.50 52.28 58.76 50.16 71.97 68.96 77.45 83.09 75.67 64.01 81.34
13.81 55.79 67.26 63.04 132.76 101.53 58.82 61.14 62.63 34.90 6.06 21.59 20.74 20.45 53.30 78.52 76.23 31.62 31.72 31.20 30.88 30.39 53.78 92.78 81.91 81.34 126.56 88.56 39.87 50.46 102.03 102.63 65.49 0.00 111.88 70.70 142.04 118.42 135.57 106.83 140.22 97.42 143.62 123.74 123.37 40.50 60.34 63.83 158.42 155.57 104.12 108.24 87.75 89.20 100.02 109.25 101.22 100.88 50.81 81.02 125.33 64.06 66.14 83.24 81.00 93.16 74.24 78.65 83.95 75.00 75.89 77.74 87.69 72.54 18.57 81.91 47.79 141.60 58.45 54.90 47.62 47.93 69.69 44.88 77.65 132.33 83.54 90.65 81.17 135.57 132.42 88.47 84.09 66.36 137.20 33.77 34.04 30.94 144.13 146.21 137.68 38.37 118.87 122.76 44.27 56.20 50.04 58.80 59.21 83.00 65.34 64.15 71.38 46.56 99.46 49.11 52.07 59.65 56.18 38.57
121.88 105.99 147.74 142.71 67.47 59.62 130.13 142.25 153.39 88.57 108.77 92.14 92.35 91.98 105.81 34.17 35.78 82.31 82.21 82.19 82.11 123.76 140.75 95.62 99.91 100.67 72.62 92.28 151.37 67.10 75.00 70.34 120.84 111.88 0.00 63.96 46.29 35.40 46.73 5.33 28.43 24.37 36.00 58.11 71.70 72.15 72.55 68.98 72.46 69.64 7.78 4.80 111.55 84.18 74.09 86.56 81.96 81.51 75.20 71.92 70.38 140.83 147.96 86.81 80.27 78.23 42.50 39.99 38.41 53.81 45.71 37.83 46.69 41.14 110.39 107.13 64.27 29.79 55.22 77.89 64.37 64.32 86.30 69.46 99.14 72.60 98.28 90.63 101.37 72.72 72.60 92.77 97.61 81.06 83.10 145.00 145.34 142.15 33.74 35.75 26.79 73.60 7.01 11.37 155.17 167.20 160.17 166.03 53.41 88.98 68.56 62.41 71.65 156.30 187.55 159.84 163.47 53.20 61.21 76.20
84.16 42.99 85.55 80.72 62.11 30.83 67.70 80.59 93.17 36.66 65.30 60.41 50.86 57.78 43.26 47.26 43.09 55.69 55.64 54.53 53.55 68.87 80.66 38.90 38.20 38.73 56.05 34.33 104.09 23.37 33.92 33.16 57.12 70.70 63.96 0.00 76.55 53.05 68.61 58.89 89.60 40.53 99.92 53.44 52.91 48.03 11.45 7.31 88.91 86.19 57.51 62.95 50.02 28.75 31.86 44.20 35.99 35.52 19.99 14.71 54.72 78.45 86.02 27.45 20.97 27.92 24.80 25.03 25.55 10.15 19.01 29.05 20.76 30.18 60.08 44.71 42.42 88.86 27.47 17.86 37.05 43.66 22.62 51.65 36.45 61.67 37.26 34.15 39.32 64.87 61.75 34.66 36.87 17.10 67.12 103.21 98.07 95.01 87.68 89.63 82.85 41.36 69.45 74.85 113.68 125.08 109.70 112.22 43.85 29.12 6.02 8.40 8.31 105.63 125.07 110.27 115.04 30.04 20.77 54.69
154.15 117.61 159.82 155.33 35.90 52.47 142.15 155.51 168.86 111.40 137.58 125.62 121.31 124.37 118.42 73.83 73.35 117.05 116.95 116.50 116.04 145.25 156.57 90.68 100.30 101.34 46.37 89.44 178.92 91.84 65.23 60.56 129.23 142.04 46.29 76.55 0.00 23.82 9.39 47.84 41.89 45.89 58.67 33.14 47.62 106.69 87.91 83.71 26.71 24.13 50.45 50.88 109.88 81.30 65.65 72.45 72.40 72.17 94.95 75.46 44.76 152.66 160.54 86.92 82.26 73.58 68.10 63.54 58.09 68.83 66.21 65.23 56.14 71.05 135.12 107.75 98.43 37.34 84.15 94.32 96.24 98.97 93.31 106.04 101.50 42.26 97.89 86.74 102.13 40.12 42.20 89.97 96.96 90.66 51.69 175.77 172.81 169.65 28.84 29.29 31.20 104.95 42.47 44.81 186.29 198.16 185.55 188.68 90.08 89.07 82.55 80.18 80.94 181.50 198.15 185.89 190.37 83.62 85.94 112.26
130.71 94.87 137.36 132.74 32.07 32.57 119.58 132.81 145.88 87.58 113.88 102.53 97.68 101.12 95.53 54.17 52.85 94.30 94.21 93.67 93.14 121.55 133.49 71.87 79.93 80.91 37.90 69.83 155.10 68.11 47.39 42.44 107.26 118.42 35.40 53.05 23.82 0.00 17.44 34.27 46.67 24.37 61.96 22.97 37.46 84.05 64.32 60.13 43.08 40.07 35.98 38.77 90.38 61.44 47.24 57.09 54.82 54.48 71.16 53.48 35.70 130.20 138.00 66.28 60.93 54.04 44.91 40.27 34.60 45.05 42.53 42.50 32.45 48.49 111.30 87.47 75.86 43.80 60.95 70.71 73.25 76.51 71.06 83.94 80.58 37.28 77.71 67.42 81.69 37.32 37.28 70.37 76.83 67.86 47.83 152.11 149.00 145.84 39.04 40.60 36.71 81.74 35.31 40.03 162.64 174.47 161.74 164.99 68.42 68.49 59.01 56.38 57.97 157.69 176.20 162.07 166.55 60.67 62.26 89.90
147.99 109.01 151.04 146.61 27.49 43.37 133.43 146.84 160.33 104.10 130.92 119.94 114.84 118.49 109.90 70.69 69.70 111.74 111.65 111.11 110.58 137.47 148.12 81.33 91.09 92.13 37.45 80.16 171.79 85.15 55.87 51.23 120.32 135.57 46.73 68.61 9.39 17.44 0.00 47.24 47.79 41.41 64.48 23.82 38.51 101.49 80.04 75.86 26.50 23.54 49.54 50.97 100.57 72.06 56.32 63.08 63.02 62.79 87.49 66.67 35.74 143.89 151.80 77.78 73.27 64.33 62.34 57.68 51.95 61.44 59.72 59.93 48.61 65.91 127.85 98.52 93.30 43.62 78.35 86.46 90.68 93.93 84.55 101.32 92.38 33.83 88.66 77.44 92.92 32.09 33.78 80.69 87.72 82.15 43.72 169.19 165.70 162.56 35.95 36.76 36.90 99.14 44.20 47.52 179.73 191.52 178.07 180.83 85.69 79.91 74.63 72.78 72.55 174.01 189.17 178.50 183.09 78.11 79.39 107.32
116.99 100.77 142.45 137.41 66.17 56.04 124.86 136.94 148.06 83.25 103.65 87.27 87.19 87.03 100.56 29.61 30.92 77.51 77.42 77.36 77.24 118.44 135.42 91.24 95.17 95.92 70.56 87.79 146.25 61.78 71.27 66.70 115.67 106.83 5.33 58.89 47.84 34.27 47.24 0.00 33.64 19.93 41.20 56.43 69.43 67.29 67.33 63.79 73.43 70.54 2.94 4.97 106.87 79.78 70.27 83.02 78.09 77.64 69.88 67.25 68.31 135.55 142.67 82.20 75.60 74.03 37.18 34.74 33.37 48.74 40.51 32.50 42.13 35.83 105.12 102.34 59.33 34.77 49.94 72.61 59.27 59.42 81.31 64.80 94.31 71.01 93.60 86.23 96.61 71.40 71.02 88.28 92.95 75.99 81.41 140.05 140.21 137.02 38.09 40.14 31.28 68.51 12.10 16.70 150.26 162.29 154.98 160.77 48.65 84.34 63.40 57.16 66.67 151.09 182.27 154.67 158.33 47.96 55.88 71.51
149.98 132.41 174.66 169.70 74.59 78.07 156.91 169.36 180.95 116.68 137.18 120.24 120.77 120.21 132.45 62.03 64.01 110.29 110.19 110.24 110.22 151.93 168.30 116.79 123.07 123.94 83.05 114.12 179.78 95.21 93.43 88.49 146.69 140.22 28.43 89.60 41.89 46.67 47.79 33.64 0.00 49.10 16.79 68.03 83.23 100.26 99.16 95.34 67.32 65.16 36.21 32.00 134.28 105.73 93.02 103.66 100.81 100.44 102.73 95.19 81.01 167.65 174.99 109.51 103.37 98.87 70.19 67.15 64.47 79.63 72.49 65.64 70.27 69.39 138.75 130.52 92.51 4.93 83.57 104.85 92.78 92.50 111.14 97.23 122.92 80.74 121.14 112.04 124.69 79.51 80.70 114.64 120.37 106.48 91.04 173.19 173.75 170.56 14.22 15.00 10.89 102.00 21.55 17.51 183.30 195.31 188.60 194.39 81.43 111.73 94.73 89.25 96.68 184.73 214.40 188.27 191.88 81.61 89.23 103.99
109.00 83.31 125.63 120.70 52.62 36.81 107.85 120.42 132.32 69.54 93.40 80.02 76.88 78.98 83.37 29.99 28.49 71.23 71.14 70.73 70.31 104.66 119.68 71.32 75.59 76.37 54.58 67.92 135.58 48.51 51.71 47.29 97.65 97.42 24.37 40.53 45.89 24.37 41.41 19.93 49.10 0.00 59.79 42.08 52.90 60.85 50.14 46.26 67.44 64.43 19.61 24.71 87.20 59.87 50.60 63.65 58.37 57.91 54.44 47.57 52.37 118.60 125.99 62.45 55.92 54.11 23.31 19.26 15.50 30.52 23.84 19.71 22.32 25.30 92.68 82.85 52.58 48.61 38.99 55.97 50.65 53.09 62.43 60.18 74.94 56.38 73.93 66.32 77.08 57.58 56.41 68.41 73.25 57.50 66.22 131.18 129.46 126.27 48.49 50.53 42.98 59.59 29.13 34.63 141.64 153.61 143.25 147.82 44.34 64.61 45.63 40.40 47.83 139.26 165.33 143.27 147.38 38.09 42.40 66.37
152.21 141.97 183.54 178.49 91.03 92.10 166.01 177.97 188.79 123.42 141.22 122.77 125.21 123.24 141.75 65.37 68.21 112.61 112.51 112.77 112.92 158.30 176.18 130.00 135.25 136.05 99.12 126.99 183.49 102.10 107.62 102.73 156.84 143.62 36.00 99.92 58.67 61.96 64.48 41.20 16.79 59.79 0.00 84.03 99.10 103.14 108.52 104.97 83.86 81.77 43.00 37.74 146.74 118.71 107.03 118.36 114.90 114.50 110.82 107.20 97.03 176.68 183.73 121.91 115.52 112.23 78.20 75.93 74.37 89.77 81.70 73.47 81.93 76.13 144.27 142.57 95.99 21.40 89.65 113.77 97.23 95.75 122.14 99.26 134.71 97.11 133.49 125.12 136.77 96.02 97.07 127.50 132.77 117.01 107.49 175.65 177.58 174.43 30.47 30.78 27.63 106.20 30.68 25.16 185.43 197.35 193.03 199.75 84.45 124.11 104.56 98.35 107.51 189.27 223.36 192.44 195.68 87.28 96.39 105.94
136.94 89.83 130.79 126.62 10.66 23.55 113.56 127.06 141.02 90.09 118.53 110.96 103.40 108.90 91.05 71.33 69.03 104.13 104.05 103.25 102.50 121.14 129.20 58.47 69.13 70.21 15.10 57.81 157.36 73.96 33.07 28.83 99.66 123.74 58.11 53.44 33.14 22.97 23.82 56.43 68.03 42.08 84.03 0.00 15.26 94.53 64.61 60.65 35.96 33.46 57.77 61.15 77.87 50.11 33.86 39.33 39.88 39.71 73.38 47.51 13.00 123.71 131.70 56.37 52.81 42.37 55.88 51.39 45.42 49.05 50.97 55.26 37.06 61.14 113.44 76.38 86.86 64.53 70.56 70.84 83.04 87.76 65.06 95.81 70.91 14.60 66.60 54.95 71.00 15.51 14.61 58.33 65.62 63.89 25.00 156.59 151.39 148.35 58.10 59.23 57.44 90.32 58.29 62.95 167.08 178.52 162.44 163.91 81.86 58.37 59.23 59.59 55.19 158.38 167.98 163.18 168.10 71.25 68.98 100.95
136.95 83.45 122.57 118.74 13.82 22.65 105.96 119.40 133.72 88.73 117.80 112.93 103.75 110.48 85.00 80.32 77.47 107.21 107.15 106.19 105.32 117.03 122.43 47.68 59.66 60.76 3.25 48.04 154.44 75.52 24.04 21.51 91.34 123.37 71.70 52.91 47.62 37.46 38.51 69.43 83.23 52.90 99.10 15.26 0.00 98.33 63.05 59.56 44.10 42.27 70.42 74.30 66.95 41.42 25.58 26.37 29.28 29.26 72.58 43.18 3.16 115.64 123.63 48.24 46.32 34.24 61.83 57.80 52.26 51.39 55.84 62.32 41.59 67.75 111.16 66.43 91.24 79.78 74.72 68.78 86.76 92.28 59.15 100.50 62.13 9.82 57.02 45.02 61.52 13.58 9.91 48.52 56.02 59.47 14.71 155.16 148.63 145.71 73.34 74.45 72.68 92.97 72.54 77.43 165.50 176.56 158.44 158.74 88.03 49.95 58.04 60.37 52.31 154.42 158.39 159.44 164.59 76.01 71.38 104.95
49.74 61.94 93.14 88.09 104.69 75.71 78.60 86.80 93.67 32.23 38.51 19.99 23.85 20.11 60.16 38.27 36.38 10.42 10.33 10.09 9.96 60.00 82.06 83.15 77.01 76.98 101.21 78.35 80.37 25.17 81.84 80.57 77.16 40.50 72.15 48.03 106.69 84.05 101.49 67.29 100.26 60.85 103.14 94.53 98.33 0.00 42.80 43.94 126.39 123.42 64.47 68.27 87.01 75.09 79.79 92.18 83.93 83.47 34.63 62.30 99.51 87.61 92.65 71.51 66.42 75.72 39.39 44.07 50.03 46.97 43.57 41.57 57.60 35.65 44.41 80.68 8.27 101.93 23.98 41.33 11.58 7.91 60.18 6.22 73.45 105.87 77.41 79.21 77.21 108.51 105.94 78.50 77.49 54.22 112.99 72.94 74.51 71.38 105.15 107.22 98.48 8.63 79.16 82.75 83.04 95.07 90.24 97.94 18.85 72.38 45.26 39.65 53.22 86.60 130.84 89.49 92.57 23.55 27.45 6.69
73.98 33.44 75.51 70.56 72.97 41.60 57.75 70.29 82.44 25.73 54.75 52.13 41.20 49.17 33.32 51.23 47.05 48.90 48.86 47.62 46.53 57.43 69.86 40.42 35.85 36.07 66.26 35.61 92.78 17.85 42.15 42.36 48.53 60.34 72.55 11.45 87.91 64.32 80.04 67.33 99.16 50.14 108.52 64.61 63.05 42.80 0.00 4.20 100.24 97.54 65.62 71.01 47.05 32.49 40.09 50.87 42.56 42.15 9.80 21.16 65.09 68.50 75.86 28.72 23.75 34.24 30.87 32.60 34.69 19.92 26.85 35.58 31.90 34.83 48.83 41.06 38.85 98.74 27.10 6.42 33.15 40.14 18.61 47.43 33.00 72.14 35.71 36.41 36.48 75.47 72.23 35.80 35.62 12.19 76.88 92.32 86.79 83.75 98.09 100.06 92.97 35.02 78.46 83.72 102.74 114.03 98.27 100.80 43.29 29.69 5.44 10.23 11.39 94.20 115.24 98.85 103.65 30.15 18.48 49.19
77.39 37.10 79.39 74.47 69.17 37.81 61.59 74.24 86.52 29.49 58.33 54.62 44.31 51.81 37.11 49.01 44.81 50.73 50.68 49.50 48.45 61.61 73.95 40.03 36.85 37.19 62.74 35.26 96.80 18.77 39.34 39.20 51.90 63.83 68.98 7.31 83.71 60.13 75.86 63.79 95.34 46.26 104.97 60.65 59.56 43.94 4.20 0.00 96.19 93.49 62.17 67.58 48.37 31.20 37.27 48.67 40.36 39.92 13.02 18.68 61.50 72.34 79.77 28.27 22.62 32.06 27.83 29.17 30.88 15.88 23.29 32.46 27.71 32.26 52.81 42.59 39.28 94.84 26.12 10.61 33.66 40.56 19.92 48.18 34.38 68.51 36.41 35.71 37.67 71.79 68.60 35.50 36.20 13.58 73.56 96.09 90.79 87.74 94.05 96.02 89.00 36.58 74.78 80.07 106.54 117.90 102.40 104.99 42.59 29.51 1.52 7.37 9.28 98.33 119.07 102.96 107.73 29.05 18.00 50.48
171.31 125.61 166.03 162.00 30.40 59.51 149.04 162.53 176.63 125.45 153.42 144.15 137.83 142.43 126.89 97.05 95.89 136.46 136.38 135.73 135.12 157.06 164.95 91.76 103.50 104.60 41.38 91.92 192.99 108.09 67.34 63.75 134.79 158.42 72.46 88.91 26.71 43.08 26.50 73.43 67.32 67.44 83.86 35.96 44.10 126.39 100.24 96.19 0.00 3.01 75.84 76.90 111.05 84.82 68.52 70.27 73.24 73.19 108.69 83.45 40.98 159.01 167.01 91.41 88.41 77.26 87.00 82.32 76.37 83.43 83.46 85.12 70.74 91.17 148.99 110.42 118.32 62.51 102.75 106.54 115.26 119.04 100.86 126.68 105.71 34.91 100.88 88.93 105.36 31.25 34.82 92.42 99.88 99.85 39.94 191.66 186.98 183.92 53.39 53.25 57.09 123.30 69.05 71.52 202.18 213.76 198.31 199.87 111.39 93.29 94.81 94.45 91.11 194.24 202.40 199.00 203.86 102.85 102.67 132.45
168.43 123.23 163.83 159.76 28.49 57.00 146.77 160.27 174.32 122.70 150.60 141.22 134.97 139.51 124.48 94.04 92.88 133.50 133.41 132.77 132.16 154.46 162.59 89.85 101.44 102.54 39.67 89.89 190.28 105.22 65.23 61.53 132.60 155.57 69.64 86.19 24.13 40.07 23.54 70.54 65.16 64.43 81.77 33.46 42.27 123.42 97.54 93.49 3.01 0.00 72.93 74.05 109.19 82.68 66.36 68.56 71.28 71.21 105.93 80.97 39.13 156.79 164.79 89.22 86.09 75.08 84.03 79.34 73.41 80.59 80.53 82.13 67.89 88.17 146.26 108.43 115.34 60.39 99.80 103.87 112.30 116.06 98.47 123.69 103.58 33.33 98.84 86.92 103.31 29.76 33.24 90.39 97.84 97.34 39.04 188.85 184.26 181.19 51.35 51.29 54.81 120.37 66.34 68.91 199.38 210.97 195.67 197.33 108.39 91.12 92.11 91.65 88.52 191.60 200.38 196.34 201.18 99.88 99.77 129.47
114.19 99.04 140.54 135.49 67.69 56.20 123.01 134.98 145.96 80.95 100.99 84.46 84.56 84.26 98.78 26.70 28.09 74.67 74.57 74.53 74.43 116.10 133.33 90.66 94.20 94.91 71.67 87.10 143.60 59.50 71.27 66.79 114.07 104.12 7.78 57.51 50.45 35.98 49.54 2.94 36.21 19.61 43.00 57.77 70.42 64.47 65.62 62.17 75.84 72.93 0.00 5.45 105.94 79.18 70.19 83.14 77.97 77.51 67.85 66.38 69.42 133.67 140.73 81.36 74.72 73.64 35.20 33.02 32.10 47.37 38.89 30.48 41.45 33.50 102.65 101.29 56.55 37.51 47.50 70.78 56.60 56.62 80.02 61.91 93.21 72.37 92.69 85.63 95.60 72.89 72.38 87.58 92.06 74.59 82.70 137.28 137.56 134.37 41.00 43.04 34.16 65.83 14.75 19.02 147.47 159.50 152.40 158.30 45.79 83.48 61.84 55.42 65.40 148.52 180.36 152.06 155.69 45.44 53.65 68.64
118.00 104.41 145.82 140.75 70.78 60.99 128.32 140.23 151.09 85.91 105.29 88.25 88.95 88.21 104.12 30.09 32.02 78.34 78.24 78.27 78.23 120.97 138.47 95.94 99.61 100.33 75.39 92.43 147.86 64.50 76.19 71.64 119.48 108.24 4.80 62.95 50.88 38.77 50.97 4.97 32.00 24.71 37.74 61.15 74.30 68.27 71.01 67.58 76.90 74.05 5.45 0.00 111.34 84.47 75.17 87.96 82.98 82.52 73.08 71.76 73.14 138.97 145.99 86.74 80.11 78.82 40.48 38.42 37.55 52.82 44.31 35.74 46.76 38.48 107.33 106.72 60.51 33.80 52.29 76.11 60.90 60.50 85.47 65.37 98.64 75.72 98.09 90.92 101.02 76.02 75.72 92.91 97.46 80.03 86.15 141.19 141.85 138.67 38.27 40.26 31.28 70.09 11.27 14.52 151.31 163.33 156.85 162.97 49.46 88.86 67.27 60.80 70.85 153.00 185.63 156.45 159.99 50.11 58.72 72.12
100.78 32.13 58.59 55.75 80.71 57.96 44.75 56.97 71.53 58.28 81.77 89.72 75.76 86.14 34.63 97.07 92.87 90.30 90.29 88.90 87.71 67.06 62.38 19.42 11.85 11.29 69.72 20.57 104.86 63.95 44.83 49.35 29.50 87.75 111.55 50.02 109.88 90.38 100.57 106.87 134.28 87.20 146.74 77.87 66.95 87.01 47.05 48.37 111.05 109.19 105.94 111.34 0.00 28.94 44.25 41.10 38.09 38.22 52.82 39.64 70.08 52.34 59.96 24.83 31.28 36.46 74.82 74.76 74.05 59.50 68.82 79.02 64.90 80.05 69.87 6.35 84.77 132.52 74.15 46.21 79.12 86.06 28.51 92.48 14.05 76.33 13.27 23.15 10.74 80.10 76.42 20.03 13.97 34.94 74.50 111.08 100.11 97.91 129.14 130.82 125.77 78.47 116.11 121.66 119.99 128.91 104.80 101.37 90.29 22.63 47.87 55.62 41.71 101.17 91.80 106.63 112.25 77.18 65.52 92.65
