110
0.00 72.80 10.91 73.61 75.58 57.54 71.24 61.96 58.20 45.76 37.63 5.92 39.96 98.39 70.93 38.74 45.41 48.25 43.33 64.31 45.59 20.64 119.76 127.76 81.77 79.95 61.80 55.79 42.51 29.93 41.69 38.22 56.59 29.82 38.49 116.17 71.08 62.08 76.02 51.13 68.74 62.60 61.00 61.26 70.44 72.79 55.52 78.80 53.56 65.88 10.30 40.63 66.34 75.79 82.90 7.36 139.94 139.95 136.85 37.45 39.54 58.71 101.93 76.45 22.32 151.44 164.69 156.83 160.76 56.59 62.63 60.91 58.58 59.26 154.77 162.20 170.73 167.45 47.69 86.21 98.98 74.18 96.18 140.35 146.75 100.82 58.65 76.10 158.85 174.42 163.58 167.30 145.29 145.68 65.19 47.52 17.29 150.01 162.14 154.93 158.58 64.61 50.51 89.21 63.62 56.98 66.86 130.11 127.94 141.67
72.80 0.00 76.64 1.75 31.39 38.22 108.12 99.55 95.63 41.68 58.14 78.71 40.49 103.58 79.42 73.84 69.33 73.18 113.87 120.56 109.75 92.06 167.17 174.55 85.42 82.32 73.02 70.31 72.10 99.62 108.59 82.19 65.43 99.46 106.03 137.15 117.66 124.51 3.22 114.25 132.66 102.65 105.22 115.55 103.04 105.48 29.38 95.71 119.06 115.89 64.85 36.98 89.42 95.36 93.01 65.52 184.12 185.53 183.95 59.62 70.50 14.96 102.32 23.81 82.43 202.32 198.36 190.49 194.43 88.61 93.28 91.41 88.86 89.61 185.16 208.54 187.47 191.47 100.75 86.46 103.86 39.60 99.86 155.27 160.27 102.17 22.49 18.05 181.39 193.31 185.30 189.30 166.74 170.60 114.86 30.60 60.25 193.37 203.58 204.36 206.75 124.61 96.26 114.98 11.96 20.16 11.23 151.63 149.24 156.21
10.91 76.64 0.00 77.66 74.90 55.77 60.49 51.32 47.65 54.43 47.98 10.80 39.79 89.54 62.90 29.85 37.61 39.88 37.25 53.92 36.32 24.52 109.10 117.09 73.72 72.15 54.11 48.22 34.09 23.04 33.33 27.94 49.87 22.89 30.36 105.76 60.19 52.69 79.83 41.70 59.83 51.82 50.11 50.64 59.94 62.24 55.66 69.40 44.90 55.06 20.16 41.58 56.81 66.23 74.06 15.52 129.19 129.26 126.23 47.92 50.45 63.45 93.47 76.94 31.92 141.14 153.77 145.91 149.84 46.58 52.49 50.86 48.66 49.30 143.88 151.61 160.21 156.67 36.83 78.35 90.15 72.21 87.55 130.08 136.53 92.30 59.89 77.44 148.14 163.80 152.88 156.59 134.67 134.93 54.35 48.71 26.99 139.25 151.34 144.52 148.10 54.76 39.66 78.82 66.42 59.03 72.07 119.57 117.42 131.42
73.61 1.75 77.66 0.00 33.04 39.94 109.74 101.14 97.22 41.47 58.05 79.53 41.89 105.33 81.16 75.33 70.91 74.78 114.90 121.97 110.98 92.73 168.77 176.17 87.17 84.07 74.73 71.98 73.64 100.66 109.75 83.63 67.12 100.50 107.16 138.90 119.21 125.82 2.86 115.52 133.95 104.23 106.76 116.99 104.69 107.13 31.04 97.44 120.28 117.39 65.52 38.31 91.11 97.08 94.76 66.31 185.77 187.16 185.57 59.54 70.37 15.35 104.06 25.39 82.82 203.91 200.08 192.21 196.15 90.23 94.92 93.05 90.48 91.24 186.90 210.18 189.21 193.22 102.16 88.21 105.61 41.30 101.61 157.02 162.01 103.91 24.15 19.57 183.13 195.06 187.05 191.05 168.49 172.35 116.36 32.04 60.78 195.03 205.26 205.96 208.37 125.97 97.76 116.69 13.56 21.69 10.55 153.38 150.98 157.96
75.58 31.39 74.90 33.04 0.00 19.79 87.35 80.22 76.90 62.95 76.37 81.00 35.64 74.29 53.56 59.95 52.42 55.20 109.51 106.36 100.93 96.22 146.11 152.98 57.28 54.22 49.58 49.00 56.53 95.76 101.65 69.19 43.53 95.57 99.81 109.48 99.50 113.23 31.99 104.33 121.67 83.78 87.61 100.95 81.39 83.56 20.31 69.96 110.17 99.34 71.20 35.28 66.59 70.47 65.69 69.49 161.28 163.14 162.18 77.73 88.38 37.13 72.25 8.25 92.07 181.52 171.94 164.25 168.09 69.18 72.44 70.86 68.71 69.34 158.21 185.81 157.76 162.98 87.55 57.40 74.49 9.12 70.50 125.84 130.51 72.27 19.88 14.08 152.78 163.86 156.47 160.45 138.23 142.73 98.28 29.12 69.43 169.98 179.30 182.91 184.76 111.96 80.72 89.88 24.64 23.96 40.34 123.55 121.19 126.69
57.54 38.22 55.77 39.94 19.79 0.00 70.96 62.99 59.35 55.14 65.32 62.65 18.30 67.00 41.36 40.57 33.72 36.99 89.78 87.47 81.20 78.04 130.15 137.33 48.23 45.17 34.84 32.52 37.49 76.11 81.87 49.76 27.41 75.92 80.03 99.25 81.89 93.80 40.32 84.70 102.23 66.36 69.68 82.13 65.50 67.86 9.93 57.53 90.47 81.11 54.58 19.74 51.44 57.15 55.25 52.08 146.46 148.02 146.67 66.52 76.40 35.77 66.75 24.34 75.87 165.49 160.15 152.28 156.21 51.88 55.97 54.20 51.79 52.49 147.01 170.96 150.64 153.76 68.32 50.02 67.35 16.65 63.42 118.32 123.62 66.36 16.25 27.57 143.75 156.22 147.78 151.78 129.09 132.68 80.05 16.60 54.12 155.57 165.57 167.25 169.43 92.76 62.01 76.77 26.83 20.17 42.68 113.83 111.43 119.33
71.24 108.12 60.49 109.74 87.35 70.96 0.00 9.68 13.86 106.25 105.47 70.70 70.03 44.77 37.05 37.77 39.18 35.11 61.65 30.90 44.64 79.59 59.19 66.46 41.49 42.84 37.96 38.58 37.47 57.61 50.59 33.68 43.96 57.47 52.05 46.38 15.41 43.55 110.60 42.71 50.11 8.72 12.38 26.63 6.60 5.78 78.80 25.99 48.70 19.79 78.77 74.29 21.42 22.77 34.32 73.55 76.19 77.45 75.84 105.78 110.23 101.08 51.27 94.17 91.93 94.54 95.16 87.17 91.17 19.63 15.01 16.77 19.27 18.52 84.16 100.49 100.09 96.21 27.76 45.78 45.38 79.29 45.25 71.18 77.75 49.77 85.67 98.27 87.65 103.42 92.41 96.10 74.32 74.44 19.11 78.78 84.51 85.68 96.54 96.33 98.64 38.86 21.11 20.75 96.19 88.19 109.67 59.46 57.42 72.57
61.96 99.55 51.32 101.14 80.22 62.99 9.68 0.00 4.21 96.60 95.83 61.71 60.86 47.20 33.12 28.17 30.27 26.37 56.30 30.73 39.69 71.36 67.64 75.11 39.84 40.51 31.81 31.24 28.14 50.51 45.07 24.11 36.72 50.35 46.03 54.69 19.39 42.14 102.11 38.90 49.66 3.76 9.10 25.55 9.12 11.09 70.37 26.39 45.33 20.77 69.26 65.09 17.37 22.69 34.32 64.04 85.28 86.38 84.54 96.16 100.75 92.00 53.18 86.68 82.99 102.78 104.84 96.85 100.84 11.11 8.90 9.83 11.56 11.01 93.81 109.43 108.93 105.61 21.40 44.59 47.84 72.56 46.90 79.30 85.83 51.72 77.19 90.50 96.90 112.49 101.62 105.36 83.35 83.79 19.79 69.83 74.92 94.89 105.93 104.83 107.34 38.32 12.95 28.03 87.59 79.50 100.67 68.27 66.15 80.68
58.20 95.63 47.65 97.22 76.90 59.35 13.86 4.21 0.00 92.40 91.74 58.15 56.76 48.28 31.61 23.96 26.31 22.52 54.89 32.14 38.67 68.27 71.62 79.15 39.26 39.61 29.23 28.05 24.02 48.17 43.66 20.14 33.53 48.01 44.35 58.14 22.61 42.79 98.23 38.47 50.62 7.03 11.00 26.76 12.31 14.60 66.53 27.09 45.02 23.01 65.30 60.97 16.50 23.36 34.59 60.08 89.41 90.47 88.58 92.09 96.81 87.91 53.98 83.20 79.44 106.69 109.02 101.03 105.02 7.80 8.05 8.08 8.90 8.58 97.92 113.53 112.56 109.55 20.06 44.14 48.93 69.42 47.66 82.62 89.12 52.54 73.33 86.90 100.76 116.23 105.46 109.22 87.10 87.71 21.97 65.80 70.88 99.05 110.12 108.81 111.37 39.40 10.78 31.29 83.67 75.55 96.61 71.92 69.77 83.98
45.76 41.68 54.43 41.47 62.95 55.14 106.25 96.60 92.40 0.00 16.92 50.90 41.40 118.54 90.22 68.53 69.42 73.61 88.85 107.52 90.73 59.88 161.13 169.04 99.57 96.79 81.27 76.13 69.57 75.69 87.32 73.50 73.46 75.59 84.17 145.67 110.67 107.12 44.33 96.13 114.17 98.55 98.90 103.62 103.20 105.79 46.37 103.83 99.10 106.71 35.51 37.63 93.51 102.01 104.52 39.13 180.45 180.98 178.38 18.38 29.00 27.83 119.64 58.71 45.79 194.41 201.35 193.35 197.35 87.63 93.61 91.62 88.88 89.69 189.82 203.78 199.68 199.83 88.81 102.51 119.00 67.31 115.32 167.63 173.51 119.00 43.49 54.89 190.36 204.49 194.80 198.72 175.96 178.02 105.84 38.55 28.66 190.36 201.92 197.47 200.75 109.05 88.31 119.79 39.71 39.10 31.26 160.37 158.02 168.80
37.63 58.14 47.98 58.05 76.37 65.32 105.47 95.83 91.74 16.92 0.00 41.52 48.79 123.97 95.29 68.84 71.93 75.86 78.37 101.86 83.05 47.01 157.03 165.02 105.42 102.89 85.97 80.30 70.97 66.40 78.73 71.81 78.69 66.34 75.45 147.83 107.53 99.53 60.91 88.63 105.86 97.19 96.57 98.62 103.40 105.93 57.87 107.19 90.63 102.77 27.84 45.96 95.80 104.88 109.15 32.76 177.00 177.16 174.19 1.49 12.42 43.71 125.93 73.17 30.97 189.05 200.33 192.38 196.35 88.22 94.38 92.45 89.80 90.58 189.63 199.58 202.42 201.01 84.53 108.94 124.48 79.43 121.04 170.89 177.03 125.12 56.50 69.97 191.91 206.76 196.50 200.35 177.82 179.12 102.01 49.13 21.25 187.04 199.00 192.48 196.08 102.21 85.86 121.19 54.72 52.51 48.03 162.31 160.02 172.14
5.92 78.71 10.80 79.53 81.00 62.65 70.70 61.71 58.15 50.90 41.52 0.00 45.36 100.28 73.41 40.54 47.98 50.45 37.96 61.26 41.62 15.42 117.03 125.03 84.25 82.60 64.49 58.54 44.67 25.04 37.22 38.65 59.82 24.95 33.95 116.29 69.28 58.06 81.94 47.21 64.35 61.99 59.89 58.60 70.45 72.71 61.05 80.19 49.13 63.75 15.46 46.25 67.60 77.02 84.79 13.25 137.39 137.26 134.01 41.17 41.89 64.61 104.13 82.09 21.30 148.09 163.05 155.25 159.15 57.33 63.21 61.60 59.42 60.06 153.53 159.28 170.64 166.71 45.80 88.82 100.88 79.29 98.24 140.70 147.16 102.97 64.36 81.86 158.32 174.11 163.09 166.76 144.99 145.05 63.13 53.20 22.24 147.48 159.73 151.71 155.49 60.94 49.68 89.39 69.50 62.79 72.73 129.98 127.85 142.05
39.96 40.49 39.79 41.89 35.64 18.30 70.03 60.86 56.76 41.40 48.79 45.36 0.00 77.15 48.94 33.77 30.94 35.13 75.86 80.09 69.85 60.59 128.26 135.86 58.17 55.40 40.23 35.51 32.75 61.73 69.32 41.78 32.27 61.55 67.02 105.46 78.04 84.18 43.45 74.12 92.41 63.62 65.59 75.13 65.75 68.32 15.88 63.24 79.22 75.79 36.33 4.31 54.00 61.80 63.31 34.07 146.13 147.23 145.30 49.85 59.16 31.17 78.29 37.15 57.59 163.06 163.57 155.58 159.58 50.45 55.85 53.88 51.16 51.96 151.26 170.28 158.89 160.01 60.27 61.16 77.60 34.68 73.92 126.70 132.46 77.62 20.51 37.85 150.31 163.94 154.62 158.59 135.76 138.38 74.78 9.95 35.89 155.69 166.52 165.40 168.07 84.14 56.15 80.51 28.89 20.73 39.95 120.22 117.84 127.83
98.39 103.58 89.54 105.33 74.29 67.00 44.77 47.20 48.28 118.54 123.97 100.28 77.15 0.00 28.67 59.76 53.36 50.17 103.17 75.66 86.83 113.01 86.96 91.82 19.04 21.97 38.03 43.84 55.88 95.71 91.95 62.90 45.36 95.53 92.58 36.77 59.66 88.19 105.01 86.06 94.88 49.88 55.41 71.23 39.44 39.10 76.92 21.30 92.42 64.56 102.31 81.04 33.58 24.99 15.49 97.51 96.43 99.24 99.80 124.77 132.30 102.75 6.82 82.51 120.71 120.18 99.76 92.45 96.09 44.96 40.55 41.40 42.68 42.29 85.46 120.04 83.89 88.77 68.30 17.13 0.65 65.20 3.80 51.70 56.73 5.39 83.05 88.15 78.55 89.75 82.18 86.16 64.07 69.04 63.87 81.81 105.90 103.46 110.63 120.05 120.58 83.62 59.04 29.32 93.23 87.16 109.52 49.85 47.56 52.63
70.93 79.42 62.90 81.16 53.56 41.36 37.05 33.12 31.61 90.22 95.29 73.41 48.94 28.67 0.00 33.24 25.52 23.05 82.80 63.67 68.15 87.10 93.62 100.13 10.85 9.42 9.41 15.36 28.81 72.92 72.02 38.67 16.78 72.73 71.83 57.92 51.63 74.31 81.32 69.02 82.23 36.84 42.13 58.34 30.49 32.11 50.96 16.47 75.62 53.88 74.09 52.98 15.92 16.99 14.39 69.43 107.89 109.89 109.18 96.10 103.71 76.38 31.20 61.24 93.18 128.88 119.08 111.27 115.17 24.82 24.22 23.59 22.98 23.13 105.75 132.41 110.21 112.51 49.97 15.49 29.19 44.76 25.85 77.92 83.57 30.20 57.58 66.21 102.55 115.49 106.67 110.67 87.90 91.33 52.90 54.54 77.40 116.47 125.75 129.95 131.57 71.02 40.54 36.32 68.19 61.25 83.85 72.55 70.15 79.02
38.74 73.84 29.85 75.33 59.95 40.57 37.77 28.17 23.96 68.53 68.84 40.54 33.77 59.76 33.24 0.00 9.32 10.24 53.10 47.19 41.64 53.88 94.74 102.43 44.00 42.60 24.91 19.41 4.77 41.30 43.52 9.24 22.58 41.10 42.39 79.11 44.31 53.28 76.64 44.57 61.72 30.44 31.89 41.99 34.80 37.37 45.75 40.10 50.65 42.08 43.82 37.82 27.78 37.20 44.27 38.73 113.09 113.99 111.87 69.31 75.06 64.84 63.62 64.87 61.03 129.37 132.82 124.82 128.82 19.40 25.54 23.61 20.97 21.75 121.42 137.02 133.78 132.21 27.77 48.72 60.36 54.18 57.70 102.64 108.93 62.45 52.19 67.59 123.07 137.98 127.66 131.51 108.99 110.33 41.05 43.35 48.59 122.82 134.01 131.80 134.59 52.21 22.43 52.37 61.96 53.71 73.68 93.52 91.24 103.93
45.41 69.33 37.61 70.91 52.42 33.72 39.18 30.27 26.31 69.42 71.93 47.98 30.94 53.36 25.52 9.32 0.00 4.25 62.39 53.94 50.50 62.03 97.90 105.37 36.37 34.62 16.51 10.62 4.67 50.59 52.68 17.89 13.27 50.39 51.64 76.36 48.50 61.21 71.94 53.08 69.65 33.32 36.14 48.54 34.83 37.39 40.30 35.28 59.32 47.41 48.96 35.23 24.14 32.98 38.00 44.15 115.36 116.56 114.80 72.58 79.36 61.91 56.58 57.98 67.68 133.00 132.84 124.85 128.85 19.56 24.93 22.95 20.22 21.03 120.80 139.62 130.70 130.41 35.33 40.86 53.94 46.01 50.94 99.00 105.10 55.51 47.06 61.23 120.96 135.29 125.42 129.34 106.60 108.61 46.35 39.61 52.82 124.85 135.60 135.10 137.60 59.62 28.34 50.39 57.36 49.24 70.50 91.02 88.68 100.23
48.25 73.18 39.88 74.78 55.20 36.99 35.11 26.37 22.52 73.61 75.86 50.45 35.13 50.17 23.05 10.24 4.25 0.00 62.25 51.30 49.47 64.06 93.99 101.41 33.85 32.38 14.71 9.51 5.79 51.08 52.14 17.26 13.70 50.88 51.37 72.24 44.94 59.24 75.74 51.65 67.64 29.55 32.70 45.85 30.62 33.18 44.02 31.47 58.03 44.22 52.37 39.44 20.02 29.02 34.71 47.45 111.29 112.54 110.83 76.48 83.05 66.04 53.72 61.08 70.58 129.15 128.60 120.60 124.60 15.49 20.72 18.74 16.03 16.83 116.55 135.58 126.65 126.22 33.33 38.53 50.76 48.36 47.92 95.03 101.17 52.59 50.83 64.55 116.79 131.19 121.27 125.18 102.45 104.40 43.16 43.68 56.48 120.75 131.44 131.18 133.63 57.32 25.63 46.17 61.23 53.16 74.58 86.88 84.55 96.27
43.33 113.87 37.25 114.90 109.51 89.78 61.65 56.30 54.89 88.85 78.37 37.96 75.86 103.17 82.80 53.10 62.39 62.25 0.00 37.03 17.04 32.98 89.77 97.46 92.40 91.97 76.38 71.75 57.75 14.26 11.24 45.00 75.58 14.42 10.97 106.61 52.15 27.24 117.06 20.27 30.30 54.25 49.35 37.86 64.97 66.22 91.46 81.94 17.00 45.43 53.40 78.20 70.43 78.22 89.13 50.47 110.52 109.54 105.58 77.79 75.90 100.67 108.78 112.60 50.62 116.68 140.68 133.41 137.03 59.10 62.70 62.07 61.31 61.52 133.75 129.90 157.39 149.63 34.93 97.39 103.82 105.36 102.46 131.27 137.83 107.37 96.32 113.70 142.75 159.41 147.60 150.83 131.28 129.27 45.44 85.31 60.19 120.43 133.08 120.95 125.25 32.28 44.14 82.37 103.46 95.87 109.21 117.96 116.25 132.69
64.31 120.56 53.92 121.97 106.36 87.47 30.90 30.73 32.14 107.52 101.86 61.26 80.09 75.66 63.67 47.19 53.94 51.30 37.03 0.00 21.73 64.31 55.89 63.86 70.50 71.24 61.06 58.95 49.98 39.58 28.12 38.42 64.24 39.54 30.94 71.36 17.04 13.00 123.46 16.96 19.25 27.17 21.63 5.49 36.50 36.57 92.93 56.17 20.75 11.14 74.07 83.80 48.08 52.63 64.41 69.39 76.44 76.11 72.77 101.74 103.14 110.32 82.12 111.80 80.29 87.21 104.49 97.03 100.75 39.56 39.54 40.09 41.00 40.71 96.92 98.02 120.58 112.61 19.83 75.18 76.28 99.66 76.04 95.57 102.07 80.63 99.29 114.73 105.75 122.44 110.60 113.81 94.53 92.29 11.79 89.95 80.90 86.52 98.94 90.62 94.28 7.96 25.67 49.89 108.80 100.56 119.28 81.69 80.12 96.99
45.59 109.75 36.32 110.98 100.93 81.20 44.64 39.69 38.67 90.73 83.05 41.62 69.85 86.83 68.15 41.64 50.50 49.47 17.04 21.73 0.00 42.81 77.05 84.97 77.19 77.05 62.69 58.72 45.87 18.11 6.52 32.61 63.16 18.09 9.22 89.65 35.44 16.49 112.84 5.61 23.56 37.43 32.39 21.40 48.16 49.31 84.56 65.74 9.37 28.75 55.80 72.91 54.74 62.01 73.22 51.65 97.75 97.20 93.62 82.76 83.05 97.83 92.64 105.06 59.29 106.75 126.21 118.74 122.47 43.70 46.65 46.24 45.81 45.92 118.47 118.61 140.92 133.79 18.63 82.16 87.47 95.68 86.32 114.35 120.92 91.19 90.20 106.97 126.59 143.16 131.45 134.77 114.79 113.09 28.66 79.74 62.79 107.80 120.31 110.55 114.50 19.51 28.16 65.35 98.56 90.53 106.70 101.21 99.45 115.77
20.64 92.06 24.52 92.73 96.22 78.04 79.59 71.36 68.27 59.88 47.01 15.42 60.59 113.01 87.10 53.88 62.03 64.06 32.98 64.31 42.81 0.00 119.86 127.76 97.88 96.43 78.49 72.65 58.32 24.74 36.91 50.24 74.38 24.78 33.74 125.90 75.41 58.03 95.26 48.19 62.71 70.94 67.85 62.89 80.42 82.44 76.15 92.35 48.00 69.21 27.21 61.23 79.72 88.98 97.63 27.16 140.56 139.99 136.35 46.22 43.12 77.51 117.29 97.01 17.66 148.75 168.45 160.83 164.64 68.82 74.32 72.91 71.02 71.57 159.95 161.20 179.54 174.25 52.62 102.59 113.64 94.68 111.25 150.62 157.16 116.07 79.12 96.49 166.36 182.54 171.18 174.71 153.58 152.92 68.79 68.05 32.50 150.61 163.12 152.79 156.90 62.06 58.60 99.39 83.55 77.24 85.12 139.00 136.99 152.00
119.76 167.17 109.10 168.77 146.11 130.15 59.19 67.64 71.62 161.13 157.03 117.03 128.26 86.96 93.62 94.74 97.90 93.99 89.77 55.89 77.05 119.86 0.00 8.00 94.19 96.54 96.54 97.71 95.53 95.16 83.04 88.07 103.03 95.13 86.15 57.95 50.65 62.58 169.70 71.70 60.60 64.67 62.90 58.51 64.80 62.57 137.92 78.40 72.89 54.46 129.19 132.42 79.53 76.82 85.27 124.30 20.76 20.23 17.26 157.01 158.92 159.43 93.41 153.16 136.14 35.41 53.21 47.11 50.09 78.56 74.18 75.96 78.42 77.69 50.79 42.66 83.68 69.56 72.60 96.97 87.31 137.76 89.63 72.13 76.91 92.16 144.77 157.39 66.63 82.57 70.86 72.77 61.86 55.56 55.31 137.42 135.85 30.76 43.35 37.19 39.86 57.96 73.11 59.50 155.21 147.13 168.18 57.37 57.49 73.26
127.76 174.55 117.09 176.17 152.98 137.33 66.46 75.11 79.15 169.04 165.02 125.03 135.86 91.82 100.13 102.43 105.37 101.41 97.46 63.86 84.97 127.76 8.00 0.00 100.15 102.61 103.44 104.84 103.11 103.07 90.92 95.90 110.11 103.05 94.04 60.78 58.48 70.32 177.05 79.58 68.03 72.24 70.65 66.51 71.86 69.57 145.25 84.59 80.63 62.42 137.19 140.04 86.42 83.23 91.16 132.29 13.15 12.25 9.44 165.00 166.91 167.03 98.10 160.13 144.10 28.82 47.17 41.73 44.35 85.95 81.39 83.21 85.72 84.98 46.55 34.74 80.82 65.58 80.57 102.69 92.13 144.52 94.67 72.42 76.69 96.91 152.12 164.47 63.74 79.06 67.68 69.21 60.69 53.74 63.25 144.94 143.83 22.97 35.62 29.95 32.23 65.80 80.94 65.27 162.61 154.57 175.75 58.25 58.70 73.45
81.77 85.42 73.72 87.17 57.28 48.23 41.49 39.84 39.26 99.57 105.42 84.25 58.17 19.04 10.85 44.00 36.37 33.85 92.40 70.50 77.19 97.88 94.19 100.15 0.00 3.10 20.08 26.10 39.63 83.09 81.44 48.99 26.75 82.90 81.48 52.22 56.80 81.91 87.02 77.56 89.50 43.34 48.92 65.39 34.98 35.92 58.12 16.20 84.15 60.06 84.81 62.02 22.76 18.83 9.03 80.19 106.76 109.09 108.86 106.27 114.13 83.91 20.58 65.36 104.02 128.96 114.77 107.14 110.95 33.49 31.30 31.25 31.38 31.32 100.94 131.07 102.42 106.12 58.68 4.99 19.47 48.17 15.75 70.10 75.41 19.71 64.39 70.76 95.99 108.05 99.88 103.88 81.36 85.54 59.16 62.79 87.95 114.78 123.26 129.57 130.78 78.16 49.13 34.91 74.73 68.40 90.88 66.41 64.03 71.11
79.95 82.32 72.15 84.07 54.22 45.17 42.84 40.51 39.61 96.79 102.89 82.60 55.40 21.97 9.42 42.60 34.62 32.38 91.97 71.24 77.05 96.43 96.54 102.61 3.10 0.00 18.15 24.16 38.11 82.29 81.11 48.07 24.34 82.10 81.02 55.29 58.01 82.38 83.92 77.65 90.11 44.10 49.61 66.04 36.26 37.39 55.07 18.23 84.25 60.98 82.70 59.21 23.20 20.48 11.76 78.15 109.41 111.68 111.38 103.77 111.76 80.88 23.04 62.29 102.14 131.42 117.78 110.14 113.95 33.41 31.79 31.54 31.40 31.42 103.99 133.76 105.48 109.22 58.67 6.27 22.37 45.12 18.57 73.18 78.45 22.27 61.32 67.68 99.10 111.13 102.98 106.98 84.46 88.63 60.06 59.84 85.68 117.51 126.09 132.12 133.38 78.79 49.15 37.45 71.64 65.34 87.80 69.51 67.13 74.18
61.80 73.02 54.11 74.73 49.58 34.84 37.96 31.81 29.23 81.27 85.97 64.49 40.23 38.03 9.41 24.91 16.51 14.71 76.38 61.06 62.69 78.49 96.54 103.44 20.08 18.15 0.00 6.02 20.26 65.65 65.95 31.50 8.04 65.45 65.43 65.54 51.15 70.62 75.15 64.21 78.82 35.55 40.22 55.60 31.85 33.98 43.93 23.27 70.75 52.23 64.74 44.37 17.02 22.42 23.31 60.11 112.04 113.77 112.68 86.75 94.31 68.76 40.57 56.71 84.00 131.94 125.45 117.55 121.49 21.55 23.35 22.02 20.39 20.84 112.50 136.58 118.66 120.19 45.26 24.41 38.56 41.35 35.25 86.48 92.27 39.60 50.74 61.20 110.37 123.75 114.60 118.58 95.76 98.75 51.20 46.54 68.00 120.98 130.81 133.39 135.32 67.92 36.32 41.97 61.45 54.08 76.59 80.27 77.88 87.62
55.79 70.31 48.22 71.98 49.00 32.52 38.58 31.24 28.05 76.13 80.30 58.54 35.51 43.84 15.36 19.41 10.62 9.51 71.75 58.95 58.72 72.65 97.71 104.84 26.10 24.16 6.02 0.00 14.67 60.55 61.58 26.75 5.48 60.35 60.85 69.95 50.57 67.73 72.61 60.65 76.06 34.84 38.94 53.47 32.99 35.34 40.95 27.77 67.11 50.87 58.74 39.75 19.17 26.31 28.85 54.09 113.96 115.50 114.17 81.06 88.46 65.00 46.55 55.61 77.98 133.09 128.82 120.87 124.84 20.27 23.58 21.91 19.72 20.35 116.16 138.44 123.57 124.51 41.98 30.42 44.38 41.37 41.16 91.50 97.40 45.56 47.84 59.69 114.80 128.51 119.11 123.08 100.25 102.92 49.82 42.57 62.09 123.12 133.28 134.77 136.92 65.43 33.57 45.37 58.52 50.85 73.11 84.70 82.32 92.67
42.51 72.10 34.09 73.64 56.53 37.49 37.47 28.14 24.02 69.57 70.97 44.67 32.75 55.88 28.81 4.77 4.67 5.79 57.75 49.98 45.87 58.32 95.53 103.11 39.63 38.11 20.26 14.67 0.00 46.06 48.01 13.26 17.86 45.86 46.98 76.88 45.57 56.84 74.81 48.53 65.29 30.88 33.12 44.65 33.75 36.34 43.44 36.81 54.74 43.99 46.88 36.96 24.90 34.16 40.40 41.90 113.42 114.48 112.55 71.53 77.79 63.91 59.50 61.82 64.83 130.44 132.00 124.00 128.00 18.16 24.05 22.06 19.32 20.12 120.27 137.54 131.45 130.49 31.04 44.28 56.48 50.36 53.68 100.02 106.23 58.36 50.07 64.84 121.19 135.83 125.72 129.61 106.96 108.63 42.95 41.93 51.22 123.03 134.00 132.69 135.33 55.43 24.59 50.43 60.15 51.95 72.65 91.42 89.12 101.28
29.93 99.62 23.04 100.66 95.76 76.11 57.61 50.51 48.17 75.69 66.40 25.04 61.73 95.71 72.92 41.30 50.59 51.08 14.26 39.58 18.11 24.74 95.16 103.07 83.09 82.29 65.65 60.55 46.06 0.00 12.59 34.27 63.86 0.20 9.29 103.87 51.45 33.87 102.81 23.58 39.55 49.31 45.36 38.38 59.59 61.29 77.41 74.45 24.36 45.03 40.19 63.99 62.23 70.81 80.94 36.82 115.84 115.31 111.73 65.97 65.44 86.49 100.83 98.61 41.25 124.61 143.87 136.30 140.08 50.79 55.35 54.35 53.06 53.43 135.67 136.69 156.57 150.42 29.87 88.04 96.35 91.96 94.55 128.69 135.27 99.47 82.16 99.58 142.83 159.21 147.68 151.12 130.48 129.35 44.71 71.11 47.13 125.90 138.39 128.51 132.51 37.52 37.60 78.13 89.21 81.64 95.08 116.31 114.41 130.10
41.69 108.59 33.33 109.75 101.65 81.87 50.59 45.07 43.66 87.32 78.73 37.22 69.32 91.95 72.02 43.52 52.68 52.14 11.24 28.12 6.52 36.91 83.04 90.92 81.44 81.11 65.95 61.58 48.01 12.59 0.00 34.93 65.69 12.62 3.30 95.94 41.90 21.30 111.73 11.38 27.13 43.06 38.25 27.92 53.77 55.05 84.48 70.73 11.91 35.23 51.99 72.09 59.31 67.00 77.97 48.20 103.78 103.13 99.45 78.35 78.02 96.14 97.59 105.32 53.77 112.06 132.59 125.14 128.86 48.04 51.50 50.91 50.23 50.41 124.95 124.30 147.40 140.30 23.69 86.43 92.59 96.90 91.26 120.68 127.26 96.16 89.81 106.89 133.11 149.67 137.96 141.28 121.27 119.61 35.11 79.07 58.99 113.81 126.36 116.00 120.05 25.16 32.94 71.34 97.69 89.81 104.91 107.63 105.86 122.10
38.22 82.19 27.94 83.63 69.19 49.76 33.68 24.11 20.14 73.50 71.81 38.65 41.78 62.90 38.67 9.24 17.89 17.26 45.00 38.42 32.61 50.24 88.07 95.90 48.99 48.07 31.50 26.75 13.26 34.27 34.93 0.00 30.76 34.08 34.11 77.95 37.42 44.05 85.07 35.36 52.49 25.40 25.42 33.36 32.27 34.67 54.60 42.11 41.50 34.31 45.16 45.63 29.48 38.75 47.65 39.94 107.03 107.69 105.30 72.11 76.67 72.45 67.49 74.03 59.87 122.22 128.58 120.62 124.60 18.72 24.56 22.96 20.87 21.47 117.83 130.61 132.53 129.69 18.74 53.91 63.53 63.39 61.32 102.17 108.60 66.20 60.89 76.62 120.90 136.31 125.59 129.36 107.18 107.85 33.33 51.59 50.83 116.90 128.42 124.89 127.89 43.11 14.97 50.99 70.40 62.15 81.38 91.93 89.75 103.51
56.59 65.43 49.87 67.12 43.53 27.41 43.96 36.72 33.53 73.46 78.69 59.82 32.27 45.36 16.78 22.58 13.27 13.70 75.58 64.24 63.16 74.38 103.03 110.11 26.75 24.34 8.04 5.48 17.86 63.86 65.69 30.76 0.00 63.66 64.77 73.57 56.05 72.74 67.65 65.34 81.11 40.32 44.40 58.75 38.25 40.55 36.18 31.29 71.73 56.31 58.59 36.38 24.03 30.32 31.07 54.19 119.08 120.68 119.42 79.53 87.42 60.78 47.31 50.20 78.51 138.42 133.26 125.34 129.29 25.75 28.98 27.35 25.19 25.82 120.40 143.58 126.65 128.22 46.89 30.52 45.85 35.90 42.36 94.43 100.18 46.46 43.04 54.37 118.40 131.77 122.64 126.62 103.80 106.76 55.25 38.52 61.37 128.16 138.19 140.05 142.14 70.59 38.73 49.74 53.74 46.25 68.68 88.31 85.92 95.56
29.82 99.46 22.89 100.50 95.57 75.92 57.47 50.35 48.01 75.59 66.34 24.95 61.55 95.53 72.73 41.10 50.39 50.88 14.42 39.54 18.09 24.78 95.13 103.05 82.90 82.10 65.45 60.35 45.86 0.20 12.62 34.08 63.66 0.00 9.32 103.73 51.36 33.89 102.64 23.57 39.60 49.16 45.22 38.30 59.44 61.14 77.22 74.27 24.40 44.95 40.09 63.81 62.05 70.64 80.76 36.71 115.81 115.29 111.71 65.91 65.41 86.34 100.65 98.42 41.25 124.62 143.80 136.23 140.01 50.61 55.18 54.17 52.88 53.25 135.59 136.68 156.45 150.32 29.73 87.85 96.18 91.76 94.37 128.56 135.14 99.29 81.98 99.40 142.73 159.11 147.57 151.02 130.36 129.24 44.62 70.93 47.04 125.87 138.36 128.51 132.51 37.52 37.44 77.98 89.04 81.47 94.93 116.19 114.29 129.96
38.49 106.03 30.36 107.16 99.81 80.03 52.05 46.03 44.35 84.17 75.45 33.95 67.02 92.58 71.83 42.39 51.64 51.37 10.97 30.94 9.22 33.74 86.15 94.04 81.48 81.02 65.43 60.85 46.98 9.29 3.30 34.11 64.77 9.32 0.00 97.76 44.12 24.58 109.18 14.45 30.41 44.25 39.67 30.38 54.89 56.30 82.33 71.31 15.18 37.50 48.80 69.69 59.63 67.59 78.36 45.08 106.87 106.26 102.61 75.06 74.72 93.41 98.09 103.29 50.51 115.33 135.43 127.94 131.68 48.25 52.04 51.34 50.48 50.72 127.62 127.51 149.61 142.79 24.65 86.47 93.23 95.28 91.77 122.54 129.12 96.68 87.53 104.71 135.48 151.99 140.33 143.69 123.48 121.97 37.32 76.71 55.78 116.90 129.44 119.25 123.28 28.34 33.57 72.79 95.23 87.41 102.15 109.68 107.87 123.96
116.17 137.15 105.76 138.90 109.48 99.25 46.38 54.69 58.14 145.67 147.83 116.29 105.46 36.77 57.92 79.11 76.36 72.24 106.61 71.36 89.65 125.90 57.95 60.78 52.22 55.29 65.54 69.95 76.88 103.87 95.94 77.95 73.57 103.73 97.76 0.00 54.74 84.12 138.92 86.66 88.17 54.97 58.51 69.10 45.84 43.62 108.87 42.29 91.78 61.40 122.65 109.69 52.23 43.71 44.16 117.46 62.54 65.81 67.34 148.35 154.08 134.18 41.52 117.57 137.59 87.45 63.04 55.69 59.34 59.93 53.78 55.62 58.17 57.42 48.89 84.95 54.69 54.66 74.01 52.41 36.81 100.37 40.42 24.83 31.40 40.73 115.48 122.96 44.85 58.96 49.18 53.13 30.31 33.45 61.27 112.07 127.69 68.35 74.44 86.45 86.28 78.58 67.30 26.97 126.07 119.16 141.76 14.75 12.37 26.23
71.08 117.66 60.19 119.21 99.50 81.89 15.41 19.39 22.61 110.67 107.53 69.28 78.04 59.66 51.63 44.31 48.50 44.94 52.15 17.04 35.44 75.41 50.65 58.48 56.80 58.01 51.15 50.57 45.57 51.45 41.90 37.42 56.05 51.36 44.12 54.74 0.00 30.04 120.34 32.00 35.64 15.73 12.46 14.37 21.82 21.16 88.79 41.40 37.05 6.72 79.89 82.13 35.72 38.15 49.73 74.82 69.79 70.32 67.88 107.63 110.63 109.14 66.28 105.81 89.81 85.06 93.77 85.98 89.87 30.32 27.90 29.13 30.95 30.40 84.61 93.21 105.51 98.97 23.49 61.15 60.25 91.92 60.38 79.23 85.77 64.78 95.52 109.46 91.42 107.89 96.27 99.68 79.38 77.93 6.80 87.45 86.28 79.75 91.53 87.56 90.49 24.81 22.46 32.93 105.71 97.52 117.98 65.81 64.10 80.65
62.08 124.51 52.69 125.82 113.23 93.80 43.55 42.14 42.79 107.12 99.53 58.06 84.18 88.19 74.31 53.28 61.21 59.24 27.24 13.00 16.49 58.03 62.58 70.32 81.91 82.38 70.62 67.73 56.84 33.87 21.30 44.05 72.74 33.89 24.58 84.12 30.04 0.00 127.54 10.99 8.45 38.85 33.20 16.97 48.81 49.11 98.18 68.23 10.31 24.00 72.29 87.53 59.21 64.61 76.35 68.10 83.34 82.46 78.61 99.22 99.26 113.16 94.55 118.03 75.05 90.78 113.56 106.37 109.95 49.61 50.62 50.87 51.33 51.18 107.06 103.25 132.31 123.46 25.92 86.70 88.82 107.19 88.40 108.13 114.59 93.06 104.18 120.43 117.07 133.84 121.90 124.97 106.39 103.69 24.53 94.13 79.28 93.29 105.92 94.76 98.87 5.63 34.31 62.87 113.06 104.91 122.09 94.01 92.53 109.55
76.02 3.22 79.83 2.86 31.99 40.32 110.60 102.11 98.23 44.33 60.91 81.94 43.45 105.01 81.32 76.64 71.94 75.74 117.06 123.46 112.84 95.26 169.70 177.05 87.02 83.92 75.15 72.61 74.81 102.81 111.73 85.07 67.65 102.64 109.18 138.92 120.34 127.54 0.00 117.32 135.71 105.25 107.91 118.43 105.43 107.86 31.80 97.67 122.16 118.67 68.06 40.01 91.67 97.42 94.76 68.74 186.51 187.96 186.44 62.39 73.23 18.05 103.55 24.08 85.54 204.90 200.36 192.51 196.43 91.14 95.72 93.87 91.33 92.08 187.07 210.95 188.85 193.13 103.67 87.90 105.27 40.51 101.27 156.71 161.63 103.45 24.93 18.16 183.02 194.76 186.88 190.88 168.38 172.36 117.63 33.52 63.41 195.72 205.84 206.88 209.23 127.59 99.05 117.06 14.69 22.94 13.34 153.34 150.95 157.63
51.13 114.25 41.70 115.52 104.33 84.70 42.71 38.90 38.47 96.13 88.63 47.21 74.12 86.06 69.02 44.57 53.08 51.65 20.27 16.96 5.61 48.19 71.70 79.58 77.56 77.65 64.21 60.65 48.53 23.58 11.38 35.36 65.34 23.57 14.45 86.66 32.00 10.99 117.32 0.00 18.51 36.22 30.84 17.65 46.87 47.74 88.52 65.25 6.60 25.30 61.32 77.32 54.87 61.53 73.00 57.11 92.42 91.80 88.17 88.35 88.65 102.61 92.08 108.75 64.81 101.16 121.31 113.90 117.59 44.26 46.51 46.34 46.25 46.26 113.88 113.11 137.12 129.50 19.06 82.49 86.70 98.75 85.79 111.22 117.77 90.61 94.32 110.88 122.52 139.16 127.37 130.63 111.02 109.03 25.39 84.05 68.31 102.46 115.00 104.98 108.95 13.95 28.50 63.18 102.93 94.84 111.51 97.76 96.08 112.64
68.74 132.66 59.83 133.95 121.67 102.23 50.11 49.66 50.62 114.17 105.86 64.35 92.41 94.88 82.23 61.72 69.65 67.64 30.30 19.25 23.56 62.71 60.60 68.03 89.50 90.11 78.82 76.06 65.29 39.55 27.13 52.49 81.11 39.60 30.41 88.17 35.64 8.45 135.71 18.51 0.00 46.22 40.60 24.13 55.75 55.81 106.53 75.39 15.23 30.32 79.02 95.70 66.91 71.84 83.61 75.05 81.17 79.91 75.77 105.47 104.86 121.11 101.36 126.45 80.12 86.38 112.84 105.95 109.38 57.65 58.32 58.69 59.30 59.11 107.37 99.75 134.33 124.44 34.34 94.24 95.49 115.64 95.29 111.62 117.98 99.86 112.48 128.81 118.62 135.41 123.40 126.29 108.70 105.41 31.03 102.35 86.02 90.92 103.60 90.66 95.00 11.37 42.56 68.53 121.27 113.14 130.02 97.10 95.78 113.03
62.60 102.65 51.82 104.23 83.78 66.36 8.72 3.76 7.03 98.55 97.19 61.99 63.62 49.88 36.84 30.44 33.32 29.55 54.25 27.17 37.43 70.94 64.67 72.24 43.34 44.10 35.55 34.84 30.88 49.31 43.06 25.40 40.32 49.16 44.25 54.97 15.73 38.85 105.25 36.22 46.22 0.00 5.65 22.09 10.74 12.06 73.56 29.42 42.54 17.04 70.29 67.82 21.03 25.77 37.50 65.08 82.67 83.65 81.68 97.47 101.70 94.79 56.02 90.16 83.21 99.69 103.19 95.23 99.21 14.60 12.64 13.59 15.24 14.72 92.51 106.70 108.81 104.85 19.65 48.03 50.52 76.19 49.78 79.73 86.29 54.54 80.35 93.90 96.35 112.14 101.11 104.79 83.04 83.11 16.06 72.75 76.14 92.37 103.59 101.85 104.46 34.85 12.39 28.82 90.68 82.55 103.52 68.17 66.12 81.12
61.00 105.22 50.11 106.76 87.61 69.68 12.38 9.10 11.00 98.90 96.57 59.89 65.59 55.41 42.13 31.89 36.14 32.70 49.35 21.63 32.39 67.85 62.90 70.65 48.92 49.61 40.22 38.94 33.12 45.36 38.25 25.42 44.40 45.22 39.67 58.51 12.46 33.20 107.91 30.84 40.60 5.65 0.00 16.47 16.04 16.95 76.41 35.06 37.07 12.01 69.24 69.69 26.46 31.42 43.15 64.08 81.63 82.34 80.07 96.76 100.42 96.71 61.60 93.73 80.93 97.48 103.86 95.95 99.91 18.78 17.94 18.62 19.85 19.46 93.77 105.31 111.70 106.88 15.49 53.64 56.04 80.28 55.38 83.34 89.91 60.12 83.12 97.25 98.68 114.74 103.49 107.09 85.74 85.32 10.98 74.99 75.37 91.49 103.02 99.91 102.75 29.24 10.72 33.12 93.27 85.07 105.54 71.20 69.23 84.74
61.26 115.55 50.64 116.99 100.95 82.13 26.63 25.55 26.76 103.62 98.62 58.60 75.13 71.23 58.34 41.99 48.54 45.85 37.86 5.49 21.40 62.89 58.51 66.51 65.39 66.04 55.60 53.47 44.65 38.38 27.92 33.36 58.75 38.30 30.38 69.10 14.37 16.97 118.43 17.65 24.13 22.09 16.47 0.00 31.85 32.16 87.74 51.35 22.77 7.70 70.78 78.91 42.85 47.76 59.53 65.96 78.79 78.71 75.60 98.56 100.46 105.56 77.59 106.46 78.27 90.81 105.56 97.95 101.75 34.11 34.28 34.75 35.58 35.32 97.33 100.98 119.59 112.42 15.10 70.11 71.85 94.20 71.44 93.60 100.14 76.10 94.15 109.45 105.19 121.77 110.05 113.37 93.47 91.69 7.94 84.95 77.51 88.88 101.14 94.01 97.50 12.77 20.23 46.38 103.76 95.51 114.51 80.12 78.43 95.02
70.44 103.04 59.94 104.69 81.39 65.50 6.60 9.12 12.31 103.20 103.40 70.45 65.75 39.44 30.49 34.80 34.83 30.62 64.97 36.50 48.16 80.42 64.80 71.86 34.98 36.26 31.85 32.99 33.75 59.59 53.77 32.27 38.25 59.44 54.89 45.84 21.82 48.81 105.43 46.87 55.75 10.74 16.04 31.85 0.00 2.59 73.66 19.76 53.12 25.58 77.33 70.05 15.04 16.38 28.07 72.11 81.09 82.55 81.18 103.80 108.84 96.59 45.75 88.36 91.75 100.20 98.25 90.25 94.25 15.59 9.91 11.88 14.61 13.80 86.64 105.52 100.30 97.64 30.24 39.34 40.07 73.20 39.60 70.34 76.84 44.26 80.55 92.62 88.70 104.04 93.37 97.16 74.92 75.76 24.78 74.17 82.73 90.38 100.88 101.80 103.93 44.41 22.07 19.01 91.16 83.26 105.06 59.67 57.50 71.70
72.79 105.48 62.24 107.13 83.56 67.86 5.78 11.09 14.60 105.79 105.93 72.71 68.32 39.10 32.11 37.37 37.39 33.18 66.22 36.57 49.31 82.44 62.57 69.57 35.92 37.39 33.98 35.34 36.34 61.29 55.05 34.67 40.55 61.14 56.30 43.62 21.16 49.11 107.86 47.74 55.81 12.06 16.95 32.16 2.59 0.00 76.10 20.25 53.88 25.51 79.78 72.62 17.02 17.12 28.58 74.56 78.66 80.16 78.86 106.32 111.29 99.13 45.55 90.59 94.00 97.98 95.66 87.66 91.66 18.18 12.46 14.45 17.18 16.37 84.06 103.12 97.97 95.14 31.70 40.12 39.72 75.29 39.50 68.21 74.74 44.05 82.99 94.91 86.25 101.65 90.93 94.71 72.52 73.27 24.79 76.69 85.22 87.91 98.36 99.51 101.59 44.53 23.93 16.96 93.61 85.74 107.58 57.33 55.17 69.58
55.52 29.38 55.66 31.04 20.31 9.93 78.80 70.37 66.53 46.37 57.87 61.05 15.88 76.92 50.96 45.75 40.30 44.02 91.46 92.93 84.56 76.15 137.92 145.25 58.12 55.07 43.93 40.95 43.44 77.41 84.48 54.60 36.18 77.22 82.33 108.87 88.79 98.18 31.80 88.52 106.53 73.56 76.41 87.74 73.66 76.10 0.00 66.94 93.92 87.44 50.89 15.00 60.10 66.35 65.00 49.26 154.75 156.17 154.64 59.15 69.47 25.84 76.67 21.28 71.79 173.14 169.38 161.48 165.43 59.37 63.93 62.07 59.53 60.28 156.38 179.17 160.52 163.45 73.34 59.95 77.28 21.59 73.35 128.19 133.52 76.29 6.89 22.42 153.47 166.06 157.54 161.54 138.81 142.28 86.39 9.03 49.24 164.00 174.24 175.10 177.44 97.66 67.95 85.89 17.57 10.31 32.90 123.50 121.10 129.21
78.80 95.71 69.40 97.44 69.96 57.53 25.99 26.39 27.09 103.83 107.19 80.19 63.24 21.30 16.47 40.10 35.28 31.47 81.94 56.17 65.74 92.35 78.40 84.59 16.20 18.23 23.27 27.77 36.81 74.45 70.73 42.11 31.29 74.27 71.31 42.29 41.40 68.23 97.67 65.25 75.39 29.42 35.06 51.35 19.76 20.25 66.94 0.00 71.71 45.32 83.69 67.45 12.64 3.74 8.34 78.68 91.84 93.97 93.48 107.85 114.52 92.00 26.90 77.69 101.03 113.41 102.69 94.85 98.77 23.78 19.27 20.10 21.51 21.07 89.48 116.30 95.84 96.93 47.15 20.00 21.94 61.08 20.58 63.88 69.90 25.45 73.66 82.68 87.13 100.74 91.40 95.37 72.55 75.49 44.51 69.81 87.95 100.24 109.35 114.24 115.67 64.02 37.80 19.95 84.33 77.17 99.73 57.03 54.64 65.08
53.56 119.06 44.90 120.28 110.17 90.47 48.70 45.33 45.02 99.10 90.63 49.13 79.22 92.42 75.62 50.65 59.32 58.03 17.00 20.75 9.37 48.00 72.89 80.63 84.15 84.25 70.75 67.11 54.74 24.36 11.91 41.50 71.73 24.40 15.18 91.78 37.05 10.31 122.16 6.60 15.23 42.54 37.07 22.77 53.12 53.88 93.92 71.71 0.00 30.46 63.86 82.26 61.45 68.00 79.51 59.97 93.65 92.76 88.89 90.24 89.76 107.03 98.50 114.38 65.22 100.75 123.69 116.44 120.05 50.86 53.06 52.92 52.85 52.86 116.91 113.45 141.31 133.02 25.66 89.08 93.06 104.79 92.23 116.16 122.68 97.03 99.57 116.33 126.37 143.09 131.21 134.37 115.28 112.93 30.70 89.10 70.85 103.59 116.22 104.83 108.99 15.30 35.11 68.97 107.91 99.89 115.87 102.40 100.81 117.58
65.88 115.89 55.06 117.39 99.34 81.11 19.79 20.77 23.01 106.71 102.77 63.75 75.79 64.56 53.88 42.08 47.41 44.22 45.43 11.14 28.75 69.21 54.46 62.42 60.06 60.98 52.23 50.87 43.99 45.03 35.23 34.31 56.31 44.95 37.50 61.40 6.72 24.00 118.67 25.30 30.32 17.04 12.01 7.70 25.58 25.51 87.44 45.32 30.46 0.00 75.00 79.76 38.04 41.86 53.62 70.02 74.22 74.47 71.71 102.81 105.37 106.69 71.05 105.29 83.99 88.02 99.51 91.79 95.64 30.77 29.68 30.52 31.86 31.44 90.74 97.12 112.18 105.41 18.25 64.63 65.17 92.14 65.00 85.93 92.47 69.55 94.04 108.64 97.98 114.49 102.84 106.21 86.05 84.48 1.06 85.43 81.54 84.26 96.29 90.85 94.05 19.10 19.65 38.92 103.99 95.75 115.59 72.53 70.82 87.35
10.30 64.85 20.16 65.52 71.20 54.58 78.77 69.26 65.30 35.51 27.84 15.46 36.33 102.31 74.09 43.82 48.96 52.37 53.40 74.07 55.80 27.21 129.19 137.19 84.81 82.70 64.74 58.74 46.88 40.19 51.99 45.16 58.59 40.09 48.80 122.65 79.89 72.29 68.06 61.32 79.02 70.29 69.24 70.78 77.33 79.78 50.89 83.69 63.86 75.00 0.00 35.94 71.57 80.95 86.96 5.22 149.21 149.34 146.35 27.82 31.52 50.32 105.29 71.05 21.32 161.28 173.10 165.19 169.15 62.72 68.87 67.04 64.54 65.27 162.78 171.74 177.33 174.85 56.75 88.95 102.88 71.00 99.82 146.42 152.73 104.28 52.97 70.02 166.02 181.30 170.70 174.48 152.21 153.01 74.25 42.26 7.00 159.26 171.27 164.67 168.25 74.68 58.58 95.73 56.57 50.67 58.07 136.86 134.63 147.71
40.63 36.98 41.58 38.31 35.28 19.74 74.29 65.09 60.97 37.63 45.96 46.25 4.31 81.04 52.98 37.82 35.23 39.44 78.20 83.80 72.91 61.23 132.42 140.04 62.02 59.21 44.37 39.75 36.96 63.99 72.09 45.63 36.38 63.81 69.69 109.69 82.13 87.53 40.01 77.32 95.70 67.82 69.69 78.91 70.05 72.62 15.00 67.45 82.26 79.76 35.94 0.00 58.30 66.05 67.36 34.27 150.37 151.44 149.48 47.09 56.76 27.02 82.01 35.84 56.97 167.17 167.88 159.90 163.89 54.73 60.15 58.17 55.46 56.26 155.56 174.50 163.03 164.26 63.97 64.88 81.48 35.44 77.76 130.81 136.54 81.38 18.32 35.89 154.54 168.11 158.85 162.81 139.99 142.64 78.75 7.14 34.68 159.95 170.80 169.54 172.25 87.67 60.13 84.80 25.65 17.73 35.86 124.45 122.06 131.94
66.34 89.42 56.81 91.11 66.59 51.44 21.42 17.37 16.50 93.51 95.80 67.60 54.00 33.58 15.92 27.78 24.14 20.02 70.43 48.08 54.74 79.72 79.53 86.42 22.76 23.20 17.02 19.17 24.90 62.23 59.31 29.48 24.03 62.05 59.63 52.23 35.72 59.21 91.67 54.87 66.91 21.03 26.46 42.85 15.04 17.02 60.10 12.64 61.45 38.04 71.57 58.30 0.00 9.45 18.76 66.50 95.11 96.79 95.66 96.39 102.65 84.07 38.61 73.72 88.51 114.93 109.75 101.79 105.77 11.46 8.59 8.53 9.19 8.92 97.27 119.63 106.65 106.35 36.13 27.64 34.21 58.27 32.32 75.13 81.33 37.24 66.98 78.16 96.84 111.17 101.29 105.22 82.47 84.59 37.08 61.59 76.10 104.14 114.17 116.36 118.32 55.60 26.58 26.51 77.67 70.02 92.25 66.89 64.55 76.39
75.79 95.36 66.23 97.08 70.47 57.15 22.77 22.69 23.36 102.01 104.88 77.02 61.80 24.99 16.99 37.20 32.98 29.02 78.22 52.63 62.01 88.98 76.82 83.23 18.83 20.48 22.42 26.31 34.16 70.81 67.00 38.75 30.32 70.64 67.59 43.71 38.15 64.61 97.42 61.53 71.84 25.77 31.42 47.76 16.38 17.12 66.35 3.74 68.00 41.86 80.95 66.05 9.45 0.00 11.77 75.90 90.91 92.91 92.23 105.50 111.94 91.09 30.63 78.04 97.96 112.00 103.04 95.15 99.09 20.25 15.56 16.47 18.00 17.52 90.09 115.43 97.77 98.21 43.41 23.01 25.64 61.72 24.32 66.02 72.15 29.19 73.14 82.87 88.53 102.48 92.89 96.84 74.03 76.61 41.03 68.75 85.38 99.52 108.93 113.01 114.59 60.46 34.07 19.65 83.84 76.50 98.99 58.46 56.09 67.26
82.90 93.01 74.06 94.76 65.69 55.25 34.32 34.32 34.59 104.52 109.15 84.79 63.31 15.49 14.39 44.27 38.00 34.71 89.13 64.41 73.22 97.63 85.27 91.16 9.03 11.76 23.31 28.85 40.40 80.94 77.97 47.65 31.07 80.76 78.36 44.16 49.73 76.35 94.76 73.00 83.61 37.50 43.15 59.53 28.07 28.58 65.00 8.34 79.51 53.62 86.96 67.36 18.76 11.77 0.00 82.11 97.73 100.06 99.85 109.91 117.18 90.58 19.90 73.67 105.22 119.97 106.26 98.56 102.40 30.21 26.58 27.06 27.95 27.66 92.59 122.05 95.84 98.53 54.59 11.96 16.10 56.63 13.68 63.55 69.19 18.58 71.50 78.94 88.50 101.18 92.54 96.54 73.84 77.60 52.79 68.88 90.71 105.77 114.33 120.55 121.74 72.23 45.10 25.90 82.02 75.31 97.90 58.63 56.23 64.64
7.36 65.52 15.52 66.31 69.49 52.08 73.55 64.04 60.08 39.13 32.76 13.25 34.07 97.51 69.43 38.73 44.15 47.45 50.47 69.39 51.65 27.16 124.30 132.29 80.19 78.15 60.11 54.09 41.90 36.82 48.20 39.94 54.19 36.71 45.08 117.46 74.82 68.10 68.74 57.11 75.05 65.08 64.08 65.96 72.11 74.56 49.26 78.68 59.97 70.02 5.22 34.27 66.50 75.90 82.11 0.00 144.24 144.42 141.48 32.82 36.74 51.36 100.61 69.93 24.65 156.60 167.94 160.02 163.98 57.54 63.69 61.86 59.37 60.11 157.58 166.88 172.14 169.63 51.77 84.41 98.08 68.66 95.07 141.28 147.60 99.58 51.98 69.33 160.80 176.10 165.48 169.26 147.00 147.79 69.25 40.97 11.55 154.28 166.25 159.93 163.45 70.28 53.40 90.54 56.53 50.09 59.49 131.66 129.43 142.57
139.94 184.12 129.19 185.77 161.28 146.46 76.19 85.28 89.41 180.45 177.00 137.39 146.13 96.43 107.89 113.09 115.36 111.29 110.52 76.44 97.75 140.56 20.76 13.15 106.76 109.41 112.04 113.96 113.42 115.84 103.78 107.03 119.08 115.81 106.87 62.54 69.79 83.34 186.51 92.42 81.17 82.67 81.63 78.79 81.09 78.66 154.75 91.84 93.65 74.22 149.21 150.37 95.11 90.91 97.73 144.24 0.00 3.98 8.38 177.03 179.25 177.24 102.32 168.68 156.73 25.33 35.25 30.89 32.90 95.81 90.86 92.76 95.37 94.60 37.33 24.54 72.87 56.23 92.47 108.82 96.67 152.61 99.58 69.61 72.95 101.25 161.64 173.25 56.08 70.18 59.49 60.42 55.89 48.16 75.00 154.97 155.77 10.09 22.59 23.92 24.16 78.72 92.14 72.01 172.23 164.30 185.86 56.88 57.85 70.45
139.95 185.53 129.26 187.16 163.14 148.02 77.45 86.38 90.47 180.98 177.16 137.26 147.23 99.24 109.89 113.99 116.56 112.54 109.54 76.11 97.20 139.99 20.23 12.25 109.09 111.68 113.77 115.50 114.48 115.31 103.13 107.69 120.68 115.29 106.26 65.81 70.32 82.46 187.96 91.80 79.91 83.65 82.34 78.71 82.55 80.16 156.17 93.97 92.76 74.47 149.34 151.44 96.79 92.91 100.06 144.42 3.98 0.00 4.95 177.16 179.14 178.37 105.22 170.46 156.34 21.73 38.42 34.46 36.28 97.05 92.25 94.11 96.69 95.93 41.17 23.06 76.77 60.00 92.67 111.28 99.49 154.53 102.32 73.47 76.87 104.12 163.06 174.95 60.02 73.99 63.38 64.26 59.84 52.12 75.28 156.17 155.96 11.10 23.74 20.82 21.71 78.00 92.75 74.24 173.61 165.64 187.04 60.58 61.48 74.32
