110
0.00 75.09 71.40 13.53 6.66 7.29 70.10 74.28 74.30 73.71 103.79 127.79 112.77 58.41 97.21 100.18 104.28 116.11 111.68 117.36 78.16 77.94 51.37 40.74 75.69 84.28 101.04 96.08 95.07 52.05 20.77 52.71 82.78 60.25 75.06 99.93 31.37 82.72 88.14 86.96 98.39 91.65 95.51 86.76 76.60 65.95 108.02 107.79 115.19 96.25 94.10 94.07 11.17 26.76 58.55 108.74 82.61 117.62 53.25 72.61 57.97 49.73 47.17 68.38 89.86 101.12 93.62 104.00 92.96 75.66 75.55 104.90 71.76 30.29 35.85 87.46 66.64 73.31 75.44 61.79 57.96 43.04 41.35 39.20 38.45 39.59 78.77 80.01 49.60 38.10 82.11 81.80 47.78 64.17 88.91 28.96 72.77 85.75 47.78 44.68 59.80 31.57 31.57 91.70 18.33 80.35 53.46 51.61 18.35 16.94
75.09 0.00 3.70 62.00 69.50 68.75 5.00 149.19 149.21 147.89 29.73 82.36 65.72 99.51 62.16 62.34 172.08 184.52 178.50 183.83 98.39 102.61 81.16 71.44 97.83 159.36 174.69 168.50 169.38 77.31 63.69 97.59 61.97 99.17 141.69 159.27 85.26 32.10 33.10 160.47 172.25 164.95 168.92 153.99 149.57 101.84 82.20 74.58 179.26 171.28 167.26 168.71 72.60 62.68 107.33 68.57 11.72 65.34 127.45 137.08 132.25 121.39 122.11 140.44 163.05 174.74 166.96 175.08 159.32 150.35 149.57 30.18 34.41 57.39 51.10 97.18 81.25 87.12 106.46 80.23 102.91 33.07 34.82 37.55 40.59 52.34 84.18 85.62 58.87 38.94 80.82 82.86 27.80 57.54 80.98 101.36 121.68 134.27 114.62 104.29 112.16 98.80 98.80 17.01 58.10 93.21 78.34 83.17 88.16 85.72
71.40 3.70 0.00 58.30 65.80 65.05 1.30 145.49 145.51 144.24 33.21 83.78 67.02 96.64 62.43 62.83 168.66 181.09 175.13 180.47 96.27 100.37 78.41 68.44 95.63 155.67 171.07 164.92 165.72 74.64 60.07 94.59 61.21 96.37 138.27 156.13 81.90 32.63 34.23 156.85 168.61 161.34 165.30 150.57 145.96 99.17 82.25 75.00 175.98 167.58 163.66 165.05 68.91 59.29 104.30 69.38 14.11 67.07 123.76 133.72 128.55 117.73 118.41 136.85 159.44 171.12 163.34 171.55 155.94 146.68 145.88 33.85 33.57 54.05 47.86 95.51 79.09 85.10 104.02 77.88 99.96 29.41 31.16 33.99 37.15 49.27 82.50 83.95 56.28 35.39 79.41 81.36 24.18 55.72 79.92 97.67 118.74 131.41 111.14 100.95 109.05 95.26 95.26 20.66 54.44 91.34 75.70 80.39 84.54 82.10
13.53 62.00 58.30 0.00 7.50 6.75 57.00 87.19 87.21 87.23 90.42 119.73 104.06 64.07 89.72 92.39 117.08 129.06 124.36 130.00 80.03 80.81 53.26 41.15 77.85 97.43 114.57 109.52 108.60 52.76 12.77 58.98 76.72 65.46 87.47 111.12 38.38 72.22 77.42 100.48 111.92 105.16 109.02 99.37 90.07 70.77 102.51 101.06 127.40 109.29 107.60 107.56 12.45 24.61 66.26 100.94 69.19 108.27 65.60 84.55 70.38 60.63 60.11 81.72 103.36 114.64 107.13 117.29 105.46 89.15 87.83 91.99 62.05 25.67 29.06 87.62 66.34 73.41 79.64 61.91 64.61 29.58 27.88 27.52 27.90 33.60 77.46 78.83 45.51 26.66 79.66 79.81 35.18 58.87 85.63 40.00 81.11 94.39 59.86 54.68 68.50 43.30 43.30 78.77 10.01 80.74 54.25 54.01 30.35 28.39
6.66 69.50 65.80 7.50 0.00 0.75 64.50 79.69 79.71 80.04 97.87 125.57 110.17 62.65 95.27 98.08 110.93 122.77 118.33 124.00 80.81 81.04 53.89 42.45 78.46 89.95 107.44 102.63 101.34 54.03 14.61 57.18 81.58 64.30 81.66 106.28 35.96 79.01 84.30 93.40 104.75 98.11 101.95 93.39 83.12 69.86 107.16 106.28 121.77 101.80 100.58 100.23 7.59 26.92 63.63 106.65 76.62 114.65 58.14 79.13 62.91 53.47 52.61 74.98 96.33 107.52 100.07 110.61 99.59 81.83 80.39 99.48 68.51 29.35 33.94 89.35 68.23 75.12 79.12 63.55 62.60 37.01 35.30 34.64 34.56 38.15 79.94 81.24 49.23 33.68 82.73 82.65 42.61 63.29 89.15 32.74 78.13 91.25 54.31 50.57 65.27 37.98 37.98 86.26 15.01 82.32 55.48 54.36 24.77 23.15
7.29 68.75 65.05 6.75 0.75 0.00 63.75 80.44 80.46 80.75 97.13 124.98 109.55 62.75 94.70 97.50 111.54 123.39 118.92 124.60 80.70 80.99 53.78 42.26 78.37 90.70 108.15 103.31 102.07 53.85 14.26 57.32 81.07 64.38 82.23 106.75 36.14 78.33 83.61 94.10 105.47 98.81 102.65 93.98 83.81 69.92 106.68 105.75 122.33 102.55 101.28 100.97 7.89 26.61 63.86 106.07 75.88 114.00 58.88 79.66 63.66 54.18 53.36 75.65 97.03 108.23 100.77 111.27 100.17 82.56 81.13 98.73 67.85 28.92 33.41 89.15 68.01 74.92 79.14 63.35 62.77 36.27 34.55 33.92 33.88 37.65 79.66 80.98 48.82 32.97 82.40 82.34 41.86 62.82 88.77 33.46 78.40 91.54 54.84 50.95 65.56 38.48 38.48 85.51 14.42 82.14 55.32 54.28 25.28 23.62
70.10 5.00 1.30 57.00 64.50 63.75 0.00 144.19 144.21 142.95 34.45 84.31 67.52 95.65 62.58 63.06 167.46 179.89 173.94 179.30 95.56 99.61 77.46 67.40 94.88 154.37 169.79 163.66 164.44 73.72 58.80 93.55 60.99 95.40 137.07 155.03 80.73 32.91 34.72 155.57 167.34 160.07 164.03 149.37 144.69 98.25 82.31 75.18 174.83 166.28 162.39 163.76 67.62 58.10 103.25 69.71 15.08 67.71 122.46 132.55 127.25 116.45 117.11 135.60 158.17 169.84 162.07 170.31 154.75 145.39 144.58 35.14 33.37 52.88 46.73 94.95 78.35 84.42 103.18 77.08 98.94 28.12 29.87 32.75 35.95 48.21 81.94 83.40 55.39 34.15 78.94 80.87 22.92 55.12 79.59 96.38 117.72 130.42 109.92 99.78 107.97 94.02 94.02 21.94 53.16 90.71 74.79 79.43 83.27 80.84
74.28 149.19 145.49 87.19 79.69 80.44 144.19 0.00 0.02 23.71 177.31 194.83 181.64 94.66 164.14 167.58 65.97 72.15 73.56 78.41 121.69 117.96 102.81 99.53 118.87 11.71 40.95 44.05 32.28 106.31 87.72 89.36 147.55 97.41 56.44 83.94 79.55 155.27 160.90 32.98 37.76 36.78 38.51 58.51 32.68 102.34 169.68 172.51 82.91 22.27 39.04 28.60 77.26 94.55 85.85 175.82 155.99 187.64 22.76 61.50 18.20 33.60 27.11 36.63 36.42 41.16 37.72 54.82 63.83 18.57 10.41 179.14 143.55 99.81 106.62 134.91 119.64 123.70 111.05 114.80 90.32 116.52 114.77 113.35 112.09 108.96 132.21 132.86 114.53 112.18 138.18 136.67 122.06 129.20 146.39 49.09 89.53 95.35 56.17 70.05 81.30 61.58 61.58 165.92 92.21 128.35 107.06 101.50 65.53 67.94
74.30 149.21 145.51 87.21 79.71 80.46 144.21 0.02 0.00 23.72 177.33 194.85 181.65 94.67 164.16 167.60 65.97 72.15 73.55 78.40 121.70 117.97 102.82 99.55 118.89 11.70 40.94 44.05 32.26 106.33 87.74 89.38 147.57 97.43 56.45 83.95 79.57 155.29 160.92 32.98 37.74 36.78 38.50 58.51 32.68 102.36 169.70 172.53 82.91 22.25 39.04 28.59 77.28 94.57 85.87 175.84 156.01 187.66 22.78 61.51 18.22 33.62 27.13 36.63 36.41 41.15 37.71 54.82 63.83 18.57 10.41 179.16 143.57 99.83 106.64 134.92 119.65 123.71 111.06 114.81 90.34 116.54 114.79 113.37 112.11 108.97 132.23 132.88 114.55 112.20 138.19 136.69 122.08 129.21 146.41 49.11 89.55 95.36 56.19 70.07 81.32 61.60 61.60 165.94 92.23 128.37 107.07 101.51 65.55 67.96
73.71 147.89 144.24 87.23 80.04 80.75 142.95 23.71 23.72 0.00 177.11 183.78 171.90 78.42 153.69 157.29 43.75 51.77 51.66 56.91 105.03 100.66 89.83 89.24 102.30 21.94 27.53 25.11 21.49 93.85 91.14 73.91 136.55 81.10 33.46 60.24 69.22 149.00 154.74 14.08 24.74 18.94 22.41 34.81 9.02 85.35 156.67 160.75 60.27 32.47 21.55 21.28 79.85 88.21 68.51 165.17 156.09 178.57 35.14 39.17 32.84 48.01 32.75 14.55 17.54 27.63 20.72 35.36 40.25 5.88 34.06 176.98 136.85 93.76 100.76 118.57 105.74 108.77 93.17 101.25 73.63 116.66 115.00 110.61 108.40 102.14 117.73 118.16 105.23 109.29 124.24 122.42 120.12 119.08 132.58 55.62 69.41 73.55 40.72 55.31 63.19 51.65 51.65 163.97 89.79 112.50 94.33 88.20 59.99 62.48
103.79 29.73 33.21 90.42 97.87 97.13 34.45 177.31 177.33 177.11 0.00 87.27 72.87 128.12 76.80 75.57 201.80 214.24 208.19 213.50 124.24 128.95 109.53 100.51 124.04 187.79 204.08 198.08 198.58 105.45 90.24 126.59 82.44 127.57 171.41 188.57 114.95 49.33 46.67 189.87 201.59 194.40 198.35 183.70 179.04 129.80 97.00 87.44 208.81 199.52 196.74 197.78 100.12 92.39 136.39 79.13 21.32 69.01 155.17 166.76 159.97 148.15 150.36 170.00 192.51 204.14 196.40 204.76 189.01 179.38 177.02 14.72 57.36 87.08 80.69 121.04 107.53 112.70 133.57 107.22 131.77 60.87 62.59 67.19 70.32 81.64 108.35 109.68 86.95 68.60 103.81 106.17 57.34 82.97 102.16 128.77 150.46 162.78 144.34 133.95 141.39 128.47 128.47 17.68 87.40 118.07 106.35 111.59 117.63 115.21
127.79 82.36 83.78 119.73 125.57 124.98 84.31 194.83 194.85 183.78 87.27 0.00 16.88 108.63 30.84 27.65 189.49 201.30 193.19 197.14 87.36 93.23 94.12 95.35 89.21 201.94 205.53 196.29 203.38 89.97 128.57 111.54 47.36 106.41 162.76 166.00 115.45 52.35 49.61 192.42 204.11 195.70 199.56 173.48 181.36 104.38 31.12 23.52 189.22 214.21 197.30 204.55 132.13 102.20 119.47 19.15 89.61 18.27 177.76 156.11 182.02 176.96 169.77 171.44 193.69 205.48 197.60 198.72 176.38 188.30 199.18 72.68 58.82 97.75 91.95 75.71 79.51 78.77 101.17 83.37 113.71 102.60 103.79 94.15 92.29 88.32 69.70 69.90 80.51 94.50 62.45 64.91 91.33 65.67 54.64 156.49 127.30 134.65 143.21 128.75 125.58 133.51 133.51 74.67 110.57 78.44 89.58 95.88 130.04 127.81
112.77 65.72 67.02 104.06 110.17 109.55 67.52 181.64 181.65 171.90 72.87 16.88 0.00 99.25 18.75 15.00 180.78 192.86 185.03 189.28 80.89 86.79 83.22 82.74 82.32 189.26 194.72 185.87 192.03 78.84 112.45 101.42 36.05 97.27 152.94 158.87 102.88 35.48 32.80 181.27 193.11 184.79 188.71 164.14 170.08 96.05 29.98 19.33 181.88 201.59 186.53 192.93 116.51 87.87 110.01 9.74 73.40 8.41 163.75 146.51 168.12 162.28 156.01 160.14 182.77 194.68 186.73 189.03 167.52 176.16 185.47 58.63 42.47 83.13 76.98 70.90 70.31 70.97 94.30 73.51 104.25 85.91 87.14 77.95 76.36 73.67 62.44 62.99 67.15 78.38 55.30 57.98 74.70 52.84 48.62 141.65 119.35 127.98 131.73 117.52 116.11 120.86 120.86 59.05 95.17 72.15 78.67 85.14 116.33 114.02
58.41 99.51 96.64 64.07 62.65 62.75 95.65 94.66 94.67 78.42 128.12 108.63 99.25 0.00 80.50 84.25 81.56 93.73 86.09 90.62 27.03 23.66 18.72 28.56 24.22 98.94 97.49 87.89 96.23 23.09 76.42 6.18 63.28 2.76 54.14 61.85 27.10 85.95 91.36 85.01 96.33 87.87 91.60 64.96 74.38 8.37 79.58 85.13 83.97 110.57 89.27 98.00 69.39 42.79 10.84 91.15 110.73 106.91 84.42 47.48 87.32 89.76 75.41 64.75 85.89 97.42 89.69 90.09 68.28 83.67 101.80 122.29 74.17 46.05 50.27 40.34 29.14 30.71 18.20 25.77 5.08 80.37 79.53 66.80 62.20 47.73 39.87 40.13 41.30 65.44 46.79 44.68 75.85 49.69 55.08 74.88 22.43 34.77 38.56 24.80 16.95 37.59 37.59 111.28 56.96 34.09 22.51 16.61 44.67 44.26
97.21 62.16 62.43 89.72 95.27 94.70 62.58 164.14 164.16 153.69 76.80 30.84 18.75 80.50 0.00 3.75 162.03 174.13 166.31 170.59 62.74 68.60 64.61 64.78 64.02 171.44 176.18 167.24 173.64 60.27 99.24 82.71 17.35 78.52 134.23 140.30 84.94 30.12 30.66 162.81 174.62 166.26 170.17 145.39 151.65 77.37 20.40 12.76 163.25 183.74 167.97 174.63 102.03 71.41 91.26 11.71 71.95 26.59 146.92 127.77 151.18 146.19 138.95 141.71 164.25 176.14 168.20 170.31 148.77 158.06 168.37 64.06 31.51 67.05 61.44 53.62 51.58 52.48 75.93 54.76 85.50 75.48 76.45 65.29 62.86 57.65 44.20 44.86 49.70 65.44 37.20 39.93 64.06 34.95 31.32 125.79 100.69 109.56 113.34 99.04 97.37 102.99 102.99 60.48 80.31 54.16 60.05 66.50 99.22 96.98
100.18 62.34 62.83 92.39 98.08 97.50 63.06 167.58 167.60 157.29 75.57 27.65 15.00 84.25 3.75 0.00 165.78 177.88 170.06 174.34 66.37 72.24 68.31 68.31 67.68 174.95 179.86 170.95 177.29 63.96 101.67 86.44 21.07 82.27 137.96 144.02 88.47 30.25 30.08 166.48 178.29 169.95 173.86 149.14 155.31 81.12 21.46 12.30 166.99 187.26 171.67 178.26 104.75 74.56 95.01 8.57 71.75 22.87 150.20 131.52 154.49 149.30 142.28 145.37 167.93 179.83 171.88 174.05 152.52 161.64 171.72 62.47 33.06 70.10 64.35 57.04 55.33 56.18 79.61 58.51 89.25 77.22 78.26 67.52 65.28 60.67 47.84 48.48 53.08 67.74 40.80 43.52 65.81 38.43 34.71 128.84 104.43 113.26 116.99 102.71 101.12 106.51 106.51 59.63 83.09 57.75 63.75 70.21 102.55 100.30
104.28 172.08 168.66 117.08 110.93 111.54 167.46 65.97 65.97 43.75 201.80 189.49 180.78 81.56 162.03 165.78 0.00 12.50 8.06 13.68 102.90 97.26 98.73 103.62 100.73 59.20 32.96 23.79 39.27 103.28 124.33 80.00 144.83 83.51 30.39 29.22 86.92 165.37 171.01 33.28 34.69 30.52 30.79 18.09 35.27 85.12 159.41 166.00 17.10 63.27 29.05 43.76 113.10 109.40 70.89 172.51 181.91 188.47 78.27 35.43 76.43 90.99 74.07 38.59 30.20 32.73 30.46 15.64 13.32 47.71 76.27 198.78 153.16 114.75 121.30 115.88 110.50 110.72 89.09 107.33 76.61 144.42 142.97 134.91 131.51 121.00 119.83 119.71 119.48 133.47 127.06 124.64 144.87 130.48 135.03 94.44 62.39 57.92 57.86 68.07 64.84 74.34 74.34 186.54 116.37 111.68 103.11 96.65 86.79 88.91
116.11 184.52 181.09 129.06 122.77 123.39 179.89 72.15 72.15 51.77 214.24 201.30 192.86 93.73 174.13 177.88 12.50 0.00 8.73 8.59 114.39 108.68 111.08 116.10 112.31 63.84 34.20 28.11 42.14 115.64 135.96 92.34 156.98 95.62 42.84 38.00 99.39 177.83 183.46 39.29 36.77 35.39 34.23 30.54 44.13 97.01 171.03 177.84 18.14 65.62 33.25 46.70 124.67 121.85 83.13 184.51 194.29 200.61 86.89 47.93 84.56 99.74 83.57 49.15 35.77 33.95 34.64 17.40 25.72 54.77 82.12 211.28 165.63 127.21 133.78 127.18 122.56 122.55 100.54 119.49 88.82 156.65 155.17 147.30 143.94 133.50 131.60 131.44 131.94 145.86 138.85 136.40 157.26 142.83 146.74 104.86 74.02 68.49 70.15 80.56 77.11 86.55 86.55 199.02 128.59 123.23 115.44 109.00 98.84 101.00
111.68 178.50 175.13 124.36 118.33 118.92 173.94 73.56 73.55 51.66 208.19 193.19 185.03 86.09 166.31 170.06 8.06 8.73 0.00 5.73 106.12 100.37 103.75 109.30 104.09 66.32 38.54 30.45 45.63 108.31 131.87 85.01 149.23 87.88 37.11 29.28 93.24 170.80 176.40 40.66 40.66 37.50 37.25 24.99 43.27 89.04 162.81 169.76 10.86 69.59 35.77 50.18 120.69 115.84 75.63 176.57 188.50 192.84 86.29 41.44 84.41 99.03 82.14 46.61 37.41 38.29 37.20 20.82 19.20 55.44 83.79 204.81 158.65 121.11 127.56 118.80 114.73 114.50 92.26 111.80 81.25 151.36 149.93 141.51 138.00 127.06 123.51 123.30 124.96 140.07 130.76 128.28 151.48 135.46 138.59 102.43 65.90 59.92 64.80 74.25 69.68 81.38 81.38 192.71 123.32 114.99 108.04 101.64 94.02 96.08
117.36 183.83 180.47 130.00 124.00 124.60 179.30 78.41 78.40 56.91 213.50 197.14 189.28 90.62 170.59 174.34 13.68 8.59 5.73 0.00 109.90 104.10 108.48 114.34 107.95 70.75 41.99 34.78 49.55 113.03 137.57 89.77 153.59 92.32 42.65 31.94 98.57 175.68 181.25 45.43 44.36 41.98 41.35 30.63 48.67 93.23 166.60 173.76 10.00 73.33 40.08 54.12 126.40 121.20 80.28 180.73 193.89 197.16 91.71 46.75 89.72 104.48 87.70 52.28 42.07 41.74 41.49 24.54 24.67 60.49 88.56 209.96 163.57 126.44 132.84 122.39 119.04 118.57 96.04 116.25 85.84 156.90 155.48 146.93 143.36 132.25 127.51 127.25 129.89 145.48 134.77 132.26 156.88 140.14 142.50 108.11 69.98 63.20 70.37 79.55 74.40 86.96 86.96 197.92 128.87 118.80 112.73 106.36 99.65 101.70
78.16 98.39 96.27 80.03 80.81 80.70 95.56 121.69 121.70 105.03 124.24 87.36 80.89 27.03 62.74 66.37 102.90 114.39 106.12 109.90 0.00 5.91 26.93 38.92 2.83 125.83 122.56 112.51 122.02 27.41 92.80 32.53 47.20 24.27 78.37 78.65 49.29 76.91 81.49 110.74 121.67 113.23 116.81 87.92 100.46 19.69 56.71 64.15 101.87 137.34 114.42 124.08 88.23 55.65 36.53 71.78 110.10 89.12 110.93 71.43 114.02 115.45 101.94 91.06 111.30 122.47 114.97 113.39 90.06 110.40 128.77 115.64 67.00 56.39 57.45 13.60 17.23 11.59 13.86 19.57 31.50 87.93 87.60 73.27 68.46 53.26 18.55 17.91 41.75 72.20 25.60 22.92 80.28 41.29 32.78 99.08 40.53 47.34 65.57 51.76 42.06 63.44 63.44 106.62 71.00 8.92 25.91 26.55 68.06 67.04
77.94 102.61 100.37 80.81 81.04 80.99 99.61 117.96 117.97 100.66 128.95 93.23 86.79 23.66 68.60 72.24 97.26 108.68 100.37 104.10 5.91 0.00 27.62 40.08 4.95 121.70 117.51 107.35 117.21 29.04 93.57 29.58 52.90 20.94 73.23 72.78 48.04 82.09 86.78 105.92 116.70 108.28 111.81 82.51 95.80 15.63 62.52 70.05 96.01 133.06 109.40 119.39 88.33 56.81 32.26 77.69 114.30 95.00 108.07 66.27 110.99 113.16 99.06 86.54 106.37 117.41 109.99 107.98 84.50 106.12 125.33 120.68 71.88 58.10 59.82 18.74 21.45 16.86 8.18 22.69 27.66 90.59 90.15 76.00 71.18 55.87 24.40 23.80 45.00 74.87 31.49 28.82 83.46 46.02 38.68 97.48 34.98 41.44 61.79 48.42 37.48 60.98 60.98 111.38 72.14 14.80 27.58 26.80 66.64 65.82
51.37 81.16 78.41 53.26 53.89 53.78 77.46 102.81 102.82 89.83 109.53 94.12 83.22 18.72 64.61 68.31 98.73 111.08 103.75 108.48 26.93 27.62 0.00 12.55 24.63 108.80 111.59 102.65 109.26 4.56 66.03 18.74 47.27 18.05 69.95 80.42 24.60 67.44 72.92 98.33 110.07 101.70 105.59 81.49 87.24 20.97 67.07 70.94 102.21 120.90 103.38 110.46 61.32 29.20 28.26 75.81 92.52 90.50 88.90 63.73 92.52 91.70 80.13 77.32 99.68 111.54 103.62 106.01 85.41 94.54 108.58 103.57 55.55 30.84 33.56 36.45 17.16 22.70 27.72 12.13 22.92 64.40 63.78 50.17 45.40 30.29 30.01 30.91 22.61 48.90 35.46 34.15 58.62 31.75 43.60 73.92 41.15 53.25 49.15 34.64 34.08 41.53 41.53 92.61 44.52 29.27 4.56 2.14 43.01 41.61
40.74 71.44 68.44 41.15 42.45 42.26 67.40 99.53 99.55 89.24 100.51 95.35 82.74 28.56 64.78 68.31 103.62 116.10 109.30 114.34 38.92 40.08 12.55 0.00 36.81 106.66 112.94 104.75 109.68 11.63 53.91 26.16 48.03 28.75 73.77 88.10 20.16 61.91 67.60 99.16 111.12 102.94 106.92 85.82 87.90 32.74 70.94 73.03 108.89 118.96 104.85 110.37 50.00 16.76 35.90 76.41 82.47 89.33 83.46 68.19 87.46 84.67 75.07 77.99 100.93 112.92 104.92 109.28 90.42 93.43 104.26 95.80 49.64 18.35 21.75 46.91 25.90 32.69 40.18 21.12 31.55 52.28 51.57 38.36 33.70 19.24 38.12 39.32 16.25 37.03 42.01 41.41 47.29 29.91 49.42 65.67 50.33 63.18 49.63 36.22 40.91 38.20 38.20 84.14 32.12 39.87 13.12 13.84 35.88 33.99
75.69 97.83 95.63 77.85 78.46 78.37 94.88 118.87 118.89 102.30 124.04 89.21 82.32 24.22 64.02 67.68 100.73 112.31 104.09 107.95 2.83 4.95 24.63 36.81 0.00 123.06 120.02 110.01 119.40 25.43 90.62 29.70 48.12 21.46 75.89 76.86 46.60 77.14 81.84 108.13 119.10 110.66 114.26 85.57 97.80 16.99 58.73 65.90 100.04 134.59 111.87 121.43 85.86 53.57 33.82 73.32 109.53 90.49 108.11 68.96 111.19 112.66 99.11 88.37 108.72 119.93 112.41 111.04 87.83 107.65 125.94 115.73 66.95 54.51 55.85 16.28 16.59 11.95 12.01 18.23 28.73 86.48 86.10 71.85 67.02 51.76 19.88 19.42 40.56 70.75 27.08 24.46 79.09 41.10 34.57 96.36 38.34 45.70 62.77 48.93 39.41 60.63 60.63 106.47 68.93 10.96 23.94 24.12 65.36 64.37
84.28 159.36 155.67 97.43 89.95 90.70 154.37 11.71 11.70 21.94 187.79 201.94 189.26 98.94 171.44 174.95 59.20 63.84 66.32 70.75 125.83 121.70 108.80 106.66 123.06 0.00 30.92 35.97 22.24 112.55 98.65 94.05 154.58 101.67 55.16 80.34 86.51 164.07 169.75 26.06 27.84 28.82 29.61 54.74 29.65 106.22 175.87 179.27 76.30 12.35 30.69 18.05 87.98 103.08 89.44 183.06 166.50 195.53 34.22 61.08 29.79 45.31 37.47 36.46 29.00 31.15 29.27 46.46 59.25 16.09 19.23 189.16 152.18 108.46 115.37 139.27 125.26 128.81 114.40 120.57 94.33 126.93 125.19 123.05 121.52 117.41 137.58 138.13 122.12 121.83 143.84 142.17 132.00 136.53 152.14 60.22 91.22 95.47 60.51 74.94 84.40 68.45 68.45 175.97 101.88 132.98 113.18 107.33 74.02 76.49
101.04 174.69 171.07 114.57 107.44 108.15 169.79 40.95 40.94 27.53 204.08 205.53 194.72 97.49 176.18 179.86 32.96 34.20 38.54 41.99 122.56 117.51 111.59 112.94 120.02 30.92 0.00 10.80 8.72 115.91 118.67 94.05 158.85 99.95 44.33 59.88 93.50 174.02 179.77 14.22 3.21 10.00 6.02 37.15 25.34 103.19 177.05 182.15 49.28 31.43 8.23 12.96 107.38 113.91 86.81 187.39 183.18 201.78 59.93 51.31 56.51 72.50 59.42 35.05 12.01 0.25 8.02 17.72 38.63 27.21 50.02 203.44 161.76 119.48 126.46 136.12 126.24 128.17 109.50 122.18 92.44 143.88 142.23 137.24 134.77 127.41 137.35 137.56 129.16 135.89 144.26 142.17 146.89 142.27 152.57 82.72 83.33 83.21 63.31 77.22 80.86 76.88 76.88 190.53 116.68 130.77 116.15 109.75 86.54 89.00
96.08 168.50 164.92 109.52 102.63 103.31 163.66 44.05 44.05 25.11 198.08 196.29 185.87 87.89 167.24 170.95 23.79 28.11 30.45 34.78 112.51 107.35 102.65 104.75 110.01 35.97 10.80 0.00 15.52 107.04 114.64 84.75 149.90 90.28 34.14 49.35 85.77 166.29 172.03 11.46 11.46 7.28 7.04 26.37 19.57 93.29 167.46 172.84 40.75 39.49 5.32 19.98 103.27 106.89 77.12 178.34 177.39 193.08 59.97 41.09 57.22 72.82 57.83 28.07 7.85 10.63 6.75 10.78 27.95 27.11 54.01 196.79 153.99 112.45 119.36 126.02 116.84 118.48 99.29 112.92 82.81 138.44 136.85 130.96 128.22 120.01 127.68 127.84 121.00 129.57 134.67 132.52 140.75 133.71 142.94 80.42 72.93 72.47 55.31 68.68 71.10 69.92 69.92 184.02 110.82 120.83 107.20 100.75 80.51 82.90
95.07 169.38 165.72 108.60 101.34 102.07 164.44 32.28 32.26 21.49 198.58 203.38 192.03 96.23 173.64 177.29 39.27 42.14 45.63 49.55 122.02 117.21 109.26 109.68 119.40 22.24 8.72 15.52 0.00 113.46 112.05 92.34 156.38 98.79 44.89 64.26 89.88 170.08 175.83 11.29 5.60 10.00 8.49 39.92 22.03 102.44 175.49 180.14 56.12 24.01 10.47 4.57 100.84 109.48 85.77 184.99 177.54 198.90 51.82 51.76 48.21 64.24 51.92 31.94 11.49 8.94 9.17 25.02 42.66 19.82 41.30 198.45 157.88 115.04 122.04 135.63 124.52 126.92 109.35 120.26 91.25 138.07 136.40 132.09 129.84 123.27 136.03 136.34 125.81 130.76 142.79 140.81 141.60 139.33 151.13 75.37 83.82 85.07 60.31 74.65 80.00 72.67 72.67 185.45 111.28 129.98 113.81 107.51 81.44 83.93
52.05 77.31 74.64 52.76 54.03 53.85 73.72 106.31 106.33 93.85 105.45 89.97 78.84 23.09 60.27 63.96 103.28 115.64 108.31 113.03 27.41 29.04 4.56 11.63 25.43 112.55 115.91 107.04 113.46 0.00 65.51 23.30 42.95 22.21 74.46 84.88 27.34 62.94 68.40 102.57 114.36 106.00 109.90 86.02 91.45 24.54 63.39 66.90 106.74 124.71 107.71 114.59 61.56 28.27 32.80 71.54 88.74 86.06 91.81 68.27 95.55 94.10 83.13 81.52 103.98 115.87 107.93 110.50 89.97 98.48 111.83 99.26 51.09 29.10 30.96 35.42 14.84 21.26 30.30 9.82 27.41 61.84 61.32 47.41 42.59 27.30 27.56 28.61 18.51 46.20 32.41 31.37 55.49 27.19 40.36 75.82 45.48 57.38 53.24 38.81 38.64 44.82 44.82 88.43 43.60 28.33 1.50 6.67 45.20 43.61
20.77 63.69 60.07 12.77 14.61 14.26 58.80 87.72 87.74 91.14 90.24 128.57 112.45 76.42 99.24 101.67 124.33 135.96 131.87 137.57 92.80 93.57 66.03 53.91 90.62 98.65 118.67 114.64 112.05 65.51 0.00 71.16 87.32 77.92 95.52 120.70 50.17 79.04 83.84 104.88 115.84 109.68 113.40 107.04 95.07 83.31 113.22 111.03 135.71 110.00 112.21 110.52 11.38 37.30 77.99 110.13 68.97 115.98 65.23 93.29 70.00 57.95 61.29 87.50 107.99 118.77 111.59 123.12 113.34 92.28 86.84 93.82 69.99 37.90 40.34 100.24 78.95 86.05 92.29 74.59 76.70 30.77 29.05 34.50 36.40 45.06 89.86 91.26 57.42 34.08 91.77 92.04 39.61 70.08 97.43 38.72 92.61 105.78 68.46 65.17 79.80 52.34 52.34 80.70 22.23 93.41 67.00 66.77 39.12 37.65
52.71 97.59 94.59 58.98 57.18 57.32 93.55 89.36 89.38 73.91 126.59 111.54 101.42 6.18 82.71 86.44 80.00 92.34 85.01 89.77 32.53 29.58 18.74 26.16 29.70 94.05 94.05 84.75 92.34 23.30 71.16 0.00 65.37 8.72 51.52 62.24 21.34 85.99 91.53 81.21 92.73 84.29 88.10 62.87 70.36 14.53 83.15 88.12 83.66 105.83 85.82 93.90 63.77 38.80 9.83 93.65 108.61 108.87 78.53 45.15 81.53 83.66 69.52 60.59 82.29 93.99 86.16 87.61 66.68 79.02 96.27 121.43 73.98 42.57 47.40 45.56 32.21 34.86 24.38 28.17 5.78 76.80 75.86 63.67 59.21 45.35 43.83 44.25 40.48 62.27 50.47 48.56 73.02 50.49 58.82 68.70 24.30 37.40 33.54 19.31 15.38 31.47 31.47 110.05 52.36 39.01 23.11 16.65 38.55 38.21
82.78 61.97 61.21 76.72 81.58 81.07 60.99 147.55 147.57 136.55 82.44 47.36 36.05 63.28 17.35 21.07 144.83 156.98 149.23 153.59 47.20 52.90 47.27 48.03 48.12 154.58 158.85 149.90 156.38 42.95 87.32 65.37 0.00 61.36 116.90 123.59 68.10 33.11 36.44 145.52 157.31 148.95 152.85 128.11 134.38 60.49 25.90 25.27 146.42 166.85 150.65 157.42 88.70 56.31 74.00 28.63 73.08 43.64 130.94 110.46 135.10 130.91 122.78 124.45 146.94 158.81 150.88 152.99 131.56 141.00 152.11 71.60 27.64 52.51 47.73 40.11 34.58 36.27 59.80 37.51 68.26 67.28 67.91 54.99 51.66 43.44 28.86 29.82 33.77 54.81 22.65 25.31 56.21 18.80 19.72 110.83 83.83 93.19 96.10 81.75 80.10 86.16 86.16 64.98 66.92 39.12 42.71 49.15 83.14 80.99
60.25 99.17 96.37 65.46 64.30 64.38 95.40 97.41 97.43 81.10 127.57 106.41 97.27 2.76 78.52 82.27 83.51 95.62 87.88 92.32 24.27 20.94 18.05 28.75 21.46 101.67 99.95 90.28 98.79 22.21 77.92 8.72 61.36 0.00 56.44 63.14 29.07 84.78 90.13 87.56 98.83 90.36 94.08 67.10 76.97 5.89 77.18 82.89 85.48 113.28 91.74 100.61 71.16 43.61 13.16 89.06 110.47 104.99 87.13 49.72 90.06 92.38 78.12 67.38 88.39 99.88 92.18 92.31 70.26 86.37 104.56 121.46 73.11 46.61 50.50 37.61 27.02 28.22 15.76 23.93 7.54 80.87 80.08 67.10 62.44 47.74 37.41 37.62 40.64 65.77 44.39 42.23 75.99 48.31 52.66 77.32 23.40 35.21 41.31 27.56 19.22 40.19 40.19 110.62 58.07 31.40 21.47 16.01 46.94 46.44
75.06 141.69 138.27 87.47 81.66 82.23 137.07 56.44 56.45 33.46 171.41 162.76 152.94 54.14 134.23 137.96 30.39 42.84 37.11 42.65 78.37 73.23 69.95 73.77 75.89 55.16 44.33 34.14 44.89 74.46 95.52 51.52 116.90 56.44 0.00 29.79 56.56 135.67 141.35 33.79 43.71 35.42 38.75 12.30 25.67 59.21 133.57 139.26 40.20 64.39 36.31 47.76 84.52 79.01 43.31 145.11 151.53 160.38 59.88 6.98 59.76 71.34 53.17 19.89 33.60 44.22 37.01 36.09 18.01 39.30 66.39 168.51 123.40 84.37 90.95 91.89 83.25 84.54 65.19 79.56 49.06 114.26 112.83 104.54 101.12 90.76 93.75 93.86 89.82 103.10 100.81 98.60 114.50 101.54 109.03 69.53 39.06 40.69 27.72 37.84 37.22 44.32 44.32 156.20 86.22 86.72 74.45 67.95 57.12 59.11
99.93 159.27 156.13 111.12 106.28 106.75 155.03 83.94 83.95 60.24 188.57 166.00 158.87 61.85 140.30 144.02 29.22 38.00 29.28 31.94 78.65 72.78 80.42 88.10 76.86 80.34 59.88 49.35 64.26 84.88 120.70 62.24 123.59 63.14 29.79 0.00 75.42 147.80 153.21 55.17 60.81 54.37 56.12 25.62 51.36 63.15 135.25 142.76 23.26 87.26 53.87 68.29 110.27 97.75 52.42 150.07 169.97 166.89 89.57 28.64 89.24 101.13 82.96 48.66 53.24 59.67 55.11 44.11 21.61 65.68 94.24 183.67 135.96 102.53 108.32 90.80 89.07 87.90 64.86 86.78 57.51 135.27 134.03 123.69 119.64 106.96 96.63 96.27 102.69 122.25 103.88 101.30 133.48 111.45 111.40 98.45 39.90 31.48 52.68 56.88 47.19 68.36 68.36 172.22 107.95 87.56 84.36 78.28 81.58 83.12
31.37 85.26 81.90 38.38 35.96 36.14 80.73 79.55 79.57 69.22 114.95 115.45 102.88 27.10 84.94 88.47 86.92 99.39 93.24 98.57 49.29 48.04 24.60 20.16 46.60 86.51 93.50 85.77 89.88 27.34 50.17 21.34 68.10 29.07 56.56 75.42 0.00 80.56 86.30 79.56 91.55 83.50 87.50 68.84 68.29 34.88 90.32 92.97 94.23 98.80 85.51 90.41 42.43 22.66 27.88 96.55 95.40 109.40 64.47 51.82 68.23 67.12 55.81 58.45 81.50 93.50 85.50 91.06 74.07 73.32 84.66 112.00 68.28 27.87 34.39 60.48 41.73 47.17 44.58 36.66 26.66 59.87 58.67 48.57 44.83 34.41 54.59 55.51 36.00 47.12 59.74 58.61 58.49 50.07 67.69 49.83 42.76 56.07 30.47 19.06 30.36 18.06 18.06 99.64 33.09 53.34 28.32 23.90 18.78 17.79
82.72 32.10 32.63 72.22 79.01 78.33 32.91 155.27 155.29 149.00 49.33 52.35 35.48 85.95 30.12 30.25 165.37 177.83 170.80 175.68 76.91 82.09 67.44 61.91 77.14 164.07 174.02 166.29 170.08 62.94 79.04 85.99 33.11 84.78 135.67 147.80 80.56 0.00 5.75 160.00 172.00 164.02 168.03 147.67 148.74 85.74 50.34 42.48 169.63 176.39 166.06 170.28 84.56 61.04 95.67 36.82 41.90 37.38 135.55 129.98 140.17 132.34 128.61 138.97 162.03 174.02 166.03 171.15 152.11 152.54 157.76 38.94 12.30 55.61 48.70 72.26 61.17 65.34 87.73 62.01 90.35 50.91 52.25 44.90 44.45 46.88 59.91 61.14 45.89 45.63 54.84 57.31 40.02 36.80 52.84 111.54 108.18 119.35 110.98 98.08 101.37 97.41 97.41 31.94 64.44 69.96 63.44 69.57 90.05 87.58
88.14 33.10 34.23 77.42 84.30 83.61 34.72 160.90 160.92 154.74 46.67 49.61 32.80 91.36 30.66 30.08 171.01 183.46 176.40 181.25 81.49 86.78 72.92 67.60 81.84 169.75 179.77 172.03 175.83 68.40 83.84 91.53 36.44 90.13 141.35 153.21 86.30 5.75 0.00 165.75 177.75 169.77 173.78 153.34 154.49 90.94 51.06 42.36 175.13 182.06 171.81 176.02 89.70 66.75 101.17 35.61 41.78 33.58 141.08 135.63 145.71 137.70 134.20 144.72 167.78 179.77 171.78 176.86 157.74 158.27 163.31 35.17 18.03 61.31 54.38 76.20 66.09 69.96 92.63 67.14 95.81 55.08 56.50 49.98 49.78 52.62 64.12 65.29 51.54 50.77 58.70 61.25 44.49 41.97 56.04 116.91 113.52 124.55 116.72 103.79 106.90 103.16 103.16 29.88 69.84 74.27 68.86 75.05 95.74 93.27
86.96 160.47 156.85 100.48 93.40 94.10 155.57 32.98 32.98 14.08 189.87 192.42 181.27 85.01 162.81 166.48 33.28 39.29 40.66 45.43 110.74 105.92 98.33 99.16 108.13 26.06 14.22 11.46 11.29 102.57 104.88 81.21 145.52 87.56 33.79 55.17 79.56 160.00 165.75 0.00 12.00 4.86 8.55 29.98 11.27 91.17 164.36 169.13 50.35 32.12 7.46 14.01 93.55 99.75 74.52 174.11 168.98 188.23 48.57 40.59 45.77 61.41 46.78 21.17 3.62 14.27 6.71 22.16 33.69 15.65 43.15 189.22 147.75 105.32 112.30 124.34 113.41 115.71 98.06 109.20 80.02 129.73 128.09 123.02 120.55 113.32 124.84 125.13 115.35 121.66 131.64 129.63 132.67 128.66 139.97 69.70 72.60 74.22 49.60 63.77 68.73 62.75 62.75 176.31 102.47 118.72 102.88 96.54 72.32 74.77
98.39 172.25 168.61 111.92 104.75 105.47 167.34 37.76 37.74 24.74 201.59 204.11 193.11 96.33 174.62 178.29 34.69 36.77 40.66 44.36 121.67 116.70 110.07 111.12 119.10 27.84 3.21 11.46 5.60 114.36 115.84 92.73 157.31 98.83 43.71 60.81 91.55 172.00 177.75 12.00 0.00 8.46 5.01 37.35 23.27 102.21 175.82 180.77 51.30 28.98 7.46 10.01 104.57 111.72 85.71 185.88 180.64 200.11 56.76 50.67 53.31 69.31 56.36 33.13 10.44 3.41 6.71 19.88 39.36 24.13 46.89 201.10 159.75 117.29 124.27 135.25 124.94 127.03 108.74 120.81 91.30 141.28 139.63 134.84 132.43 125.31 136.20 136.44 127.32 133.49 143.06 141.00 144.45 140.56 151.38 79.70 82.78 83.17 61.52 75.59 79.82 74.73 74.73 188.16 114.20 129.80 114.63 108.26 84.13 86.60
91.65 164.95 161.34 105.16 98.11 98.81 160.07 36.78 36.78 18.94 194.40 195.70 184.79 87.87 166.26 169.95 30.52 35.39 37.50 41.98 113.23 108.28 101.70 102.94 110.66 28.82 10.00 7.28 10.00 106.00 109.68 84.29 148.95 90.36 35.42 54.37 83.50 164.02 169.77 4.86 8.46 0.00 4.01 29.92 15.42 93.76 167.37 172.35 47.59 33.22 2.61 13.93 98.34 103.98 77.25 177.51 173.55 191.83 53.23 42.36 50.31 66.04 51.61 25.06 2.02 10.00 2.02 18.04 32.76 20.18 46.73 193.60 151.76 109.55 116.52 126.82 116.50 118.57 100.33 112.38 82.83 134.35 132.72 127.47 124.93 117.43 127.73 127.98 119.16 126.10 134.60 132.54 137.16 132.30 142.92 74.56 74.47 75.27 53.32 67.28 71.36 66.94 66.94 180.72 107.01 121.34 106.26 99.87 76.79 79.24
95.51 168.92 165.30 109.02 101.95 102.65 164.03 38.51 38.50 22.41 198.35 199.56 188.71 91.60 170.17 173.86 30.79 34.23 37.25 41.35 116.81 111.81 105.59 106.92 114.26 29.61 6.02 7.04 8.49 109.90 113.40 88.10 152.85 94.08 38.75 56.12 87.50 168.03 173.78 8.55 5.01 4.01 0.00 32.39 19.42 97.39 171.14 176.19 47.68 32.48 2.46 12.98 102.07 107.99 80.95 181.39 177.48 195.77 56.05 45.72 52.92 68.79 54.86 29.06 6.00 6.01 2.00 16.88 34.59 22.97 48.15 197.59 155.76 113.56 120.53 130.39 120.30 122.30 103.83 116.22 86.56 138.25 136.62 131.44 128.92 121.44 131.47 131.70 123.15 130.08 138.36 136.28 141.12 136.25 146.67 77.97 77.81 78.17 57.29 71.21 75.03 70.95 70.95 184.70 110.95 124.98 110.15 103.75 80.76 83.20
86.76 153.99 150.57 99.37 93.39 93.98 149.37 58.51 58.51 34.81 183.70 173.48 164.14 64.96 145.39 149.14 18.09 30.54 24.99 30.63 87.92 82.51 81.49 85.82 85.57 54.74 37.15 26.37 39.92 86.02 107.04 62.87 128.11 67.10 12.30 25.62 68.84 147.67 153.34 29.98 37.35 29.92 32.39 0.00 25.84 69.31 143.87 149.96 29.35 62.08 29.97 43.61 95.92 91.31 54.15 156.11 163.82 171.69 66.18 17.77 65.24 78.39 60.59 24.73 28.51 36.99 31.02 25.47 6.57 40.12 68.86 180.76 135.43 96.66 103.24 101.25 94.09 94.89 74.36 90.64 59.92 126.44 124.99 116.82 113.42 103.00 104.08 104.08 101.79 115.38 111.23 108.92 126.78 113.19 119.36 79.09 47.62 46.14 39.86 50.06 48.04 56.40 56.40 168.48 98.39 96.51 85.94 79.45 69.03 71.09
76.60 149.57 145.96 90.07 83.12 83.81 144.69 32.68 32.68 9.02 179.04 181.36 170.08 74.38 151.65 155.31 35.27 44.13 43.27 48.67 100.46 95.80 87.24 87.90 97.80 29.65 25.34 19.57 22.03 91.45 95.07 70.36 134.38 76.97 25.67 51.36 68.29 148.74 154.49 11.27 23.27 15.42 19.42 25.84 0.00 80.80 153.50 158.11 51.52 38.79 17.70 23.64 83.70 88.58 64.04 162.99 158.24 177.01 43.04 31.94 41.18 55.82 39.46 9.94 13.49 25.36 17.44 28.68 31.23 14.32 43.04 178.17 136.49 94.15 101.12 114.06 102.52 105.03 88.07 98.24 69.43 119.13 117.51 112.07 109.51 102.08 114.11 114.45 104.09 110.70 120.83 118.88 121.78 117.44 129.18 61.32 63.28 66.28 38.37 52.64 58.40 51.55 51.55 165.30 91.67 108.26 91.79 85.48 61.42 63.85
65.95 101.84 99.17 70.77 69.86 69.92 98.25 102.34 102.36 85.35 129.80 104.38 96.05 8.37 77.37 81.12 85.12 97.01 89.04 93.23 19.69 15.63 20.97 32.74 16.99 106.22 103.19 93.29 102.44 24.54 83.31 14.53 60.49 5.89 59.21 63.15 34.88 85.74 90.94 91.17 102.21 93.76 97.39 69.31 80.80 0.00 74.56 80.88 85.93 117.68 95.02 104.44 76.80 48.34 16.84 87.53 113.28 103.96 92.64 52.34 95.47 98.11 83.63 71.38 91.81 103.10 95.53 94.71 72.01 90.73 109.71 123.10 74.39 50.95 54.34 33.27 25.93 25.62 9.87 23.86 12.03 85.01 84.30 70.97 66.24 51.23 34.78 34.77 42.98 69.68 41.97 39.62 79.57 48.97 50.05 83.20 23.33 33.61 46.17 32.86 22.44 45.95 45.95 112.64 63.09 27.59 23.51 19.17 52.83 52.32
108.02 82.20 82.25 102.51 107.16 106.68 82.31 169.68 169.70 156.67 97.00 31.12 29.98 79.58 20.40 21.46 159.41 171.03 162.81 166.60 56.71 62.52 67.07 70.94 58.73 175.87 177.05 167.46 175.49 63.39 113.22 83.15 25.90 77.18 133.57 135.25 90.32 50.34 51.06 164.36 175.82 167.37 171.14 143.87 153.50 74.56 0.00 10.72 158.50 187.97 168.82 176.99 114.38 81.32 90.34 20.46 92.24 38.11 154.40 126.78 158.35 155.26 145.95 143.69 165.38 176.98 169.22 169.26 146.43 161.51 174.97 83.92 49.90 77.90 73.46 44.66 50.99 49.03 70.57 55.43 84.65 92.42 93.18 80.68 77.50 69.05 39.82 39.78 58.48 80.57 32.79 34.98 81.15 43.89 24.54 135.56 97.04 103.82 115.95 101.36 96.38 108.13 108.13 80.86 92.65 47.82 62.70 68.57 106.77 104.78
107.79 74.58 75.00 101.06 106.28 105.75 75.18 172.51 172.53 160.75 87.44 23.52 19.33 85.13 12.76 12.30 166.00 177.84 169.76 173.76 64.15 70.05 70.94 73.03 65.90 179.27 182.15 172.84 180.14 66.90 111.03 88.12 25.27 82.89 139.26 142.76 92.97 42.48 42.36 169.13 180.77 172.35 176.19 149.96 158.11 80.88 10.72 0.00 165.94 191.49 173.92 181.40 113.24 81.48 95.96 9.74 84.05 27.58 156.18 132.60 160.31 156.16 147.97 148.22 170.35 182.10 174.24 175.21 152.87 165.37 177.26 74.02 44.23 77.50 72.34 53.06 56.03 55.29 77.90 59.97 90.21 88.04 88.97 77.43 74.75 68.26 46.26 46.52 59.04 77.50 39.00 41.51 76.63 44.06 31.38 136.02 103.86 111.49 120.09 105.57 102.07 110.99 110.99 71.78 91.44 55.25 66.43 72.64 108.37 106.24
115.19 179.26 175.98 127.40 121.77 122.33 174.83 82.91 82.91 60.27 208.81 189.22 181.88 83.97 163.25 166.99 17.10 18.14 10.86 10.00 101.87 96.01 102.21 108.89 100.04 76.30 49.28 40.75 56.12 106.74 135.71 83.66 146.42 85.48 40.20 23.26 94.23 169.63 175.13 50.35 51.30 47.59 47.68 29.35 51.52 85.93 158.50 165.94 0.00 80.13 46.05 60.65 124.73 116.88 73.97 173.15 189.60 189.85 94.14 42.96 92.62 106.69 89.28 53.30 47.30 49.04 47.47 31.57 22.79 64.52 93.25 204.69 157.63 121.97 128.16 114.06 111.85 110.96 88.06 109.33 79.36 153.41 152.05 142.79 139.03 127.26 119.76 119.43 124.08 141.34 127.02 124.46 152.72 133.65 134.60 108.41 62.59 54.73 67.54 75.19 68.31 84.11 84.11 192.89 125.53 110.78 106.34 100.08 97.12 99.01
96.25 171.28 167.58 109.29 101.80 102.55 166.28 22.27 22.25 32.47 199.52 214.21 201.59 110.57 183.74 187.26 63.27 65.62 69.59 73.33 137.34 133.06 120.90 118.96 134.59 12.35 31.43 39.49 24.01 124.71 110.00 105.83 166.85 113.28 64.39 87.26 98.80 176.39 182.06 32.12 28.98 33.22 32.48 62.08 38.79 117.68 187.97 191.49 80.13 0.00 34.30 19.51 99.52 115.41 100.85 195.35 178.21 207.88 44.93 70.73 40.25 54.85 49.19 46.90 34.11 31.68 32.91 48.85 65.72 26.95 25.84 201.15 164.51 120.78 127.68 150.84 137.26 140.66 125.62 132.62 105.87 138.70 136.96 135.15 133.71 129.75 149.49 150.00 134.46 133.96 155.83 154.12 144.02 148.84 164.14 71.35 101.74 105.06 72.33 86.84 95.63 80.76 80.76 187.95 113.99 144.65 125.31 119.40 86.34 88.81
94.10 167.26 163.66 107.60 100.58 101.28 162.39 39.04 39.04 21.55 196.74 197.30 186.53 89.27 167.97 171.67 29.05 33.25 35.77 40.08 114.42 109.40 103.38 104.85 111.87 30.69 8.23 5.32 10.47 107.71 112.21 85.82 150.65 91.74 36.31 53.87 85.51 166.06 171.81 7.46 7.46 2.61 2.46 29.97 17.70 95.02 168.82 173.92 46.05 34.30 0.00 14.80 100.86 106.15 78.60 179.18 175.92 193.61 55.80 43.29 52.83 68.60 54.22 27.14 4.25 8.17 1.43 15.85 32.31 22.72 48.89 195.84 153.79 111.72 118.68 127.99 118.01 119.96 101.42 113.95 84.22 136.76 135.13 129.76 127.19 119.53 129.14 129.36 121.09 128.39 136.04 133.95 139.47 134.11 144.35 77.16 75.37 75.72 55.23 69.06 72.67 69.11 69.11 182.98 109.36 122.60 107.94 101.53 79.12 81.55
94.07 168.71 165.05 107.56 100.23 100.97 163.76 28.60 28.59 21.28 197.78 204.55 192.93 98.00 174.63 178.26 43.76 46.70 50.18 54.12 124.08 119.39 110.46 110.37 121.43 18.05 12.96 19.98 4.57 114.59 110.52 93.90 157.42 100.61 47.76 68.29 90.41 170.28 176.02 14.01 10.01 13.93 12.98 43.61 23.64 104.44 176.99 181.40 60.65 19.51 14.80 0.00 99.40 109.47 87.68 186.05 176.66 199.68 49.03 54.51 45.21 61.21 49.82 33.31 15.12 13.20 13.43 29.59 46.69 18.41 37.24 197.98 158.13 115.01 122.01 137.69 126.00 128.63 111.61 121.64 93.07 137.11 135.42 131.58 129.48 123.42 137.70 138.05 126.41 130.27 144.37 142.45 140.99 140.14 152.72 73.31 86.42 88.23 61.34 75.83 82.02 72.92 72.92 184.92 110.64 131.91 114.99 108.76 81.10 83.59
11.17 72.60 68.91 12.45 7.59 7.89 67.62 77.26 77.28 79.85 100.12 132.13 116.51 69.39 102.03 104.75 113.10 124.67 120.69 126.40 88.23 88.33 61.32 50.00 85.86 87.98 107.38 103.27 100.84 61.56 11.38 63.77 88.70 71.16 84.52 110.27 42.43 84.56 89.70 93.55 104.57 98.34 102.07 95.92 83.70 76.80 114.38 113.24 124.73 99.52 100.86 99.40 0.00 34.50 69.72 113.31 78.80 120.71 55.06 82.55 59.86 48.96 50.52 76.14 96.64 107.47 100.26 111.75 102.26 81.11 77.03 102.76 74.49 36.74 40.98 96.91 75.81 82.68 86.18 71.11 69.06 39.57 37.82 39.73 40.34 45.32 87.53 88.84 56.67 38.94 90.30 90.22 46.72 70.56 96.65 28.77 83.92 96.87 57.76 55.66 70.94 42.01 42.01 89.55 21.80 89.87 63.01 61.73 28.94 27.81
26.76 62.68 59.29 24.61 26.92 26.61 58.10 94.55 94.57 88.21 92.39 102.20 87.87 42.79 71.41 74.56 109.40 121.85 115.84 121.20 55.65 56.81 29.20 16.76 53.57 103.08 113.91 106.89 109.48 28.27 37.30 38.80 56.31 43.61 79.01 97.75 22.66 61.04 66.75 99.75 111.72 103.98 107.99 91.31 88.58 48.34 81.32 81.48 116.88 115.41 106.15 109.47 34.50 0.00 47.68 83.06 72.74 93.41 75.90 74.45 80.32 74.79 68.34 79.03 102.02 113.93 106.00 112.86 96.65 91.58 97.76 89.99 49.10 5.57 12.56 63.01 41.74 48.80 56.47 37.30 44.57 38.13 37.12 25.97 22.17 14.41 53.11 54.44 22.86 24.52 55.81 55.73 35.85 37.57 62.33 54.54 62.78 76.06 52.16 41.72 51.48 37.04 37.04 77.40 15.35 56.13 29.77 30.25 29.08 26.63
58.55 107.33 104.30 66.26 63.63 63.86 103.25 85.85 85.87 68.51 136.39 119.47 110.01 10.84 91.26 95.01 70.89 83.13 75.63 80.28 36.53 32.26 28.26 35.90 33.82 89.44 86.81 77.12 85.77 32.80 77.99 9.83 74.00 13.16 43.31 52.42 27.88 95.67 101.17 74.52 85.71 77.25 80.95 54.15 64.04 16.84 90.34 95.96 73.97 100.85 78.60 87.68 69.72 47.68 0.00 101.96 118.29 117.62 77.40 36.64 79.92 83.93 68.43 54.56 75.28 86.73 79.05 79.26 57.59 73.91 93.52 131.25 83.70 51.78 56.90 50.09 39.98 41.37 25.20 36.50 5.77 85.80 84.79 72.99 68.62 55.03 50.57 50.76 50.28 71.58 57.55 55.40 82.47 59.86 65.82 70.93 15.13 28.48 29.79 17.90 6.12 32.80 32.80 119.88 60.44 44.23 32.45 26.13 42.53 42.74
108.74 68.57 69.38 100.94 106.65 106.07 69.71 175.82 175.84 165.17 79.13 19.15 9.74 91.15 11.71 8.57 172.51 184.51 176.57 180.73 71.78 77.69 75.81 76.41 73.32 183.06 187.39 178.34 184.99 71.54 110.13 93.65 28.63 89.06 145.11 150.07 96.55 36.82 35.61 174.11 185.88 177.51 181.39 156.11 162.99 87.53 20.46 9.74 173.15 195.35 179.18 186.05 113.31 83.06 101.96 0.00 77.32 18.12 158.62 138.57 162.89 157.82 150.65 153.06 175.49 187.34 179.43 181.17 159.30 169.60 180.08 65.36 41.08 78.64 72.92 61.42 62.04 62.20 85.32 65.54 96.19 85.26 86.34 75.90 73.75 69.22 53.46 53.91 61.41 76.15 46.24 48.88 73.87 46.63 39.25 137.39 110.75 119.02 124.72 110.35 108.08 114.61 114.61 64.12 91.65 62.97 71.25 77.64 110.92 108.69
82.61 11.72 14.11 69.19 76.62 75.88 15.08 155.99 156.01 156.09 21.32 89.61 73.40 110.73 71.95 71.75 181.91 194.29 188.50 193.89 110.10 114.30 92.52 82.47 109.53 166.50 183.18 177.39 177.54 88.74 68.97 108.61 73.08 110.47 151.53 169.97 95.40 41.90 41.78 168.98 180.64 173.55 177.48 163.82 158.24 113.28 92.24 84.05 189.60 178.21 175.92 176.66 78.80 72.74 118.29 77.32 0.00 71.89 133.85 147.16 138.64 126.91 129.06 149.33 171.68 183.24 175.55 184.32 169.30 158.25 155.71 27.18 45.71 67.63 61.65 108.84 92.95 98.84 118.07 91.88 114.01 39.61 41.33 47.00 50.57 63.26 95.85 97.28 70.37 48.44 92.39 94.46 37.04 69.25 92.30 107.45 132.79 145.49 124.20 114.45 122.97 108.09 108.09 16.52 66.58 104.92 89.80 94.49 96.88 94.49
