70
0.00 31.98 51.36 48.84 107.40 109.36 77.31 76.02 107.81 96.98 56.35 60.63 71.29 65.11 18.75 50.65 10.41 25.58 28.62 19.47 15.90 86.08 93.34 57.61 56.38 56.35 56.35 62.14 64.76 68.66 98.01 109.28 92.98 107.23 110.75 4.51 108.71 90.44 46.28 20.80 11.05 21.53 76.90 20.20 24.21 85.76 99.22 38.89 14.41 24.81 33.89 24.65 24.74 25.17 46.89 67.24 24.68 47.09 31.52 33.36 50.97 39.14 39.50 42.24 7.70 13.76 31.32 59.37 39.60 42.83
31.98 0.00 19.64 16.93 100.71 101.63 68.40 63.00 104.02 103.04 52.26 56.42 66.85 63.37 19.17 68.80 42.14 50.36 52.32 42.58 41.64 99.86 106.57 30.39 25.13 25.48 25.38 30.17 33.88 36.80 82.40 93.81 100.09 97.00 92.79 30.03 94.12 72.55 16.44 39.86 36.45 53.49 47.51 48.63 54.83 53.81 71.57 11.44 24.12 47.72 57.49 46.73 46.77 51.81 18.88 48.34 45.72 33.05 39.97 55.95 40.24 46.45 55.07 54.64 29.45 28.02 37.14 32.51 56.87 58.86
51.36 19.64 0.00 3.20 105.41 105.64 73.78 66.15 110.31 114.55 55.24 58.65 67.59 66.22 36.00 86.12 61.64 69.59 71.35 59.40 59.25 114.78 121.11 25.61 12.83 14.49 14.05 11.72 20.35 19.24 81.96 92.81 105.36 91.59 82.14 48.99 85.83 63.10 14.92 58.74 56.03 72.77 35.34 68.22 74.47 34.51 54.28 19.50 43.47 63.99 76.37 62.83 62.84 71.22 11.75 48.81 64.58 41.00 56.64 74.70 48.51 62.00 72.32 71.03 49.08 45.25 48.79 19.65 70.21 71.49
48.84 16.93 3.20 0.00 103.02 103.33 71.25 63.83 107.76 111.56 55.92 59.48 68.70 67.00 34.09 82.93 59.06 66.59 68.30 57.65 57.30 111.60 117.95 23.85 12.09 13.50 13.11 13.50 20.39 20.69 80.15 91.11 105.90 93.67 84.84 46.64 88.27 65.62 12.09 55.68 53.18 70.31 35.31 65.36 71.72 36.92 57.47 16.31 40.52 62.37 73.30 61.25 61.26 68.27 12.62 46.70 61.51 38.08 53.44 71.61 45.61 58.80 69.13 67.83 46.29 43.34 47.97 22.24 69.22 70.64
107.40 100.71 105.41 103.02 0.00 3.75 32.32 39.30 9.84 40.90 152.74 156.98 167.53 163.70 112.91 76.99 109.05 93.97 91.61 126.87 123.22 64.38 64.05 80.57 94.32 92.42 92.92 103.27 92.12 100.94 32.05 30.19 198.14 196.40 187.08 110.36 191.24 168.48 91.17 89.24 98.64 117.55 84.61 101.21 108.09 114.15 151.87 90.58 94.43 132.18 90.64 132.06 132.14 97.40 114.61 57.11 89.09 67.66 76.38 88.82 60.66 69.49 76.24 71.10 99.74 116.79 133.28 125.04 146.85 149.95
109.36 101.63 105.64 103.33 3.75 0.00 33.33 39.50 13.21 44.63 153.78 158.00 168.48 164.79 114.32 80.14 111.30 96.56 94.27 128.81 125.21 68.11 67.80 80.57 94.32 92.42 92.92 103.09 91.78 100.50 30.11 27.20 199.61 196.88 187.05 112.21 191.44 168.64 91.59 91.52 100.80 120.00 83.73 103.71 110.70 113.24 151.26 91.31 96.19 134.16 93.45 134.00 134.08 100.02 115.09 57.06 91.56 68.63 78.54 91.59 61.80 71.81 78.97 73.79 101.67 118.45 134.74 125.24 148.70 151.76
77.31 68.40 73.78 71.25 32.32 33.33 0.00 10.28 36.53 48.62 120.47 124.70 135.23 131.47 81.11 58.10 80.43 68.09 66.37 96.61 93.21 62.06 65.34 49.79 63.37 61.49 61.99 72.81 62.43 71.53 25.45 34.79 166.41 164.28 155.84 79.83 159.51 136.86 59.26 61.12 69.66 90.19 57.84 74.45 82.05 86.76 122.68 58.31 63.64 102.07 66.86 101.81 101.89 71.64 82.55 27.25 62.31 35.35 47.81 64.74 28.47 42.23 52.37 47.01 69.62 85.59 101.55 93.43 116.21 119.17
76.02 63.00 66.15 63.83 39.30 39.50 10.28 0.00 45.01 58.89 115.25 119.38 129.69 126.37 77.44 63.85 80.41 70.24 68.94 94.86 91.76 71.47 75.09 41.30 55.04 53.14 53.64 64.13 53.29 62.29 22.22 33.29 162.42 157.40 147.79 78.03 151.97 129.20 52.12 61.96 69.55 90.92 47.81 75.88 83.76 76.94 113.46 52.25 61.82 100.43 70.20 100.03 100.10 73.77 75.64 17.98 64.06 30.70 48.81 67.99 25.16 44.57 56.21 51.01 68.44 82.85 97.84 85.77 113.89 116.68
107.81 104.02 110.31 107.76 9.84 13.21 36.53 45.01 0.00 32.28 155.53 159.84 170.53 166.33 114.87 73.21 108.52 92.30 89.72 127.24 123.43 56.77 55.74 86.12 99.79 97.90 98.40 109.07 98.30 107.28 41.13 40.00 199.70 200.52 192.36 111.06 196.00 173.38 95.75 88.72 98.44 116.25 91.84 99.83 106.28 121.32 158.42 94.43 95.50 132.40 88.19 132.38 132.47 95.63 118.93 62.99 87.92 71.12 76.36 86.53 63.79 69.03 74.18 69.30 100.24 118.04 135.04 129.95 147.41 150.60
96.98 103.04 114.55 111.56 40.90 44.63 48.62 58.89 32.28 0.00 150.65 155.05 165.95 160.64 108.75 51.77 94.65 75.90 72.81 115.37 111.21 25.49 23.51 94.18 106.63 104.89 105.35 116.61 107.82 116.93 65.92 68.70 189.77 199.29 195.52 101.00 197.16 175.48 99.70 76.24 86.27 99.64 105.64 83.80 88.58 133.64 167.18 95.96 87.67 119.85 69.64 120.15 120.25 78.66 120.64 74.43 73.44 73.62 66.78 68.59 66.25 59.01 58.21 54.79 90.23 109.39 127.34 133.35 135.42 138.85
56.35 52.26 55.24 55.92 152.74 153.78 120.47 115.25 155.53 150.65 0.00 4.40 15.30 11.21 41.90 106.96 63.32 81.77 84.90 44.25 47.92 142.11 149.33 79.10 67.92 69.41 69.02 64.85 75.48 72.10 134.17 145.47 50.17 51.04 59.36 51.87 54.43 41.35 65.09 76.39 67.29 67.28 90.39 75.43 76.39 79.26 67.54 63.16 63.03 43.73 90.06 42.48 42.40 80.88 43.51 100.03 80.90 85.15 83.92 89.67 92.08 91.66 95.19 97.09 61.60 42.66 25.39 42.32 35.54 33.88
60.63 56.42 58.65 59.48 156.98 158.00 124.70 119.38 159.84 155.05 4.40 0.00 10.90 7.60 46.30 111.26 67.43 86.00 89.14 48.05 51.81 146.46 153.68 82.84 71.40 72.93 72.53 67.92 78.78 75.05 138.14 149.42 47.13 46.94 56.50 56.15 50.95 39.27 68.94 80.73 71.59 71.07 93.62 79.58 80.37 81.40 67.53 67.22 67.43 47.23 94.28 46.02 45.94 85.05 46.96 104.01 85.21 89.37 88.32 93.92 96.34 96.06 99.54 101.47 65.95 46.97 29.54 44.79 38.03 36.06
71.29 66.85 67.59 68.70 167.53 168.48 135.23 129.69 170.53 165.95 15.30 10.90 0.00 7.53 57.20 121.94 77.76 96.54 99.70 57.83 61.74 157.23 164.46 92.36 80.41 82.03 81.60 76.10 87.38 82.92 148.08 159.29 40.67 37.08 50.39 66.83 43.07 35.99 78.72 91.52 82.28 80.73 102.00 89.96 90.39 87.44 68.74 77.45 78.33 56.45 104.79 55.32 55.24 95.48 56.09 114.01 95.92 99.88 99.22 104.49 106.93 106.95 110.34 112.33 76.76 57.70 40.03 52.02 45.47 42.96
65.11 63.37 66.22 67.00 163.70 164.79 131.47 126.37 166.33 160.64 11.21 7.60 7.53 0.00 52.07 115.71 71.12 90.12 93.30 50.84 54.84 151.18 158.43 90.27 78.95 80.47 80.07 75.52 86.38 82.65 145.37 156.68 39.55 44.38 57.64 60.70 50.59 42.29 76.29 85.59 76.14 73.62 101.22 83.36 83.48 88.74 73.15 74.33 72.97 49.22 98.32 48.12 48.03 88.92 54.51 111.23 89.79 96.18 93.86 98.11 103.04 101.64 104.42 106.63 70.91 51.70 33.79 52.30 37.95 35.43
18.75 19.17 36.00 34.09 112.91 114.32 81.11 77.44 114.87 108.75 41.90 46.30 57.20 52.07 0.00 66.68 28.80 43.28 46.05 23.64 23.25 101.01 108.14 49.27 44.00 44.51 44.37 47.55 52.82 54.76 98.22 109.69 85.31 91.49 92.84 14.91 91.61 72.40 35.59 35.67 27.96 38.37 66.67 38.78 42.87 70.33 80.68 29.74 21.19 28.61 51.45 27.59 27.62 43.43 29.29 64.86 40.84 46.75 42.05 50.56 52.77 49.76 54.09 55.53 21.13 9.25 20.46 41.01 38.15 40.42
50.65 68.80 86.12 82.93 76.99 80.14 58.10 63.85 73.21 51.77 106.96 111.26 121.94 115.71 66.68 0.00 45.50 26.00 22.75 66.75 62.50 35.80 43.10 75.90 83.60 82.44 82.74 92.93 88.82 96.52 83.55 92.33 140.75 157.67 159.16 55.11 158.30 138.66 73.57 31.02 39.67 48.47 94.10 33.59 37.19 115.24 140.07 66.94 46.54 70.53 18.49 71.06 71.16 28.06 87.65 68.11 26.07 53.45 29.53 18.02 49.73 25.64 13.81 16.00 45.70 64.29 81.95 101.29 86.04 89.53
10.41 42.14 61.64 59.06 109.05 111.30 80.43 80.41 108.52 94.65 63.32 67.43 77.76 71.12 28.80 45.50 0.00 19.50 22.75 21.25 17.00 81.30 88.60 66.30 66.12 65.98 66.01 72.27 74.32 78.63 102.61 113.65 95.49 114.35 119.47 13.90 116.78 99.34 55.81 19.83 10.85 11.94 85.89 12.26 14.15 95.96 109.46 48.26 21.64 25.26 27.41 25.68 25.78 17.85 57.29 73.57 21.27 53.24 32.81 27.51 55.97 39.59 36.44 40.26 14.14 22.22 37.93 69.67 40.85 44.31
25.58 50.36 69.59 66.59 93.97 96.56 68.09 70.24 92.30 75.90 81.77 86.00 96.54 90.12 43.28 26.00 19.50 0.00 3.25 40.75 36.50 61.80 69.10 66.89 70.61 69.95 70.12 78.60 77.66 83.78 92.20 102.60 114.86 132.74 136.04 30.08 134.26 115.64 59.93 11.40 15.32 24.11 86.62 7.91 14.15 102.20 121.44 52.39 26.24 44.60 8.31 45.10 45.20 3.55 68.27 67.63 6.54 48.34 21.95 8.04 48.40 25.90 18.27 23.00 22.41 39.33 56.51 81.63 60.16 63.64
28.62 52.32 71.35 68.30 91.61 94.27 66.37 68.94 89.72 72.81 84.90 89.14 99.70 93.30 46.05 22.75 22.75 3.25 0.00 44.00 39.75 58.55 65.85 67.54 71.85 71.11 71.30 80.07 78.67 85.04 90.76 101.01 118.10 135.84 138.87 33.13 137.22 118.45 61.20 12.65 18.12 26.99 87.17 11.04 16.55 103.57 123.63 53.73 28.27 47.84 5.41 48.34 48.44 5.96 70.46 67.14 6.96 48.25 21.37 4.81 47.80 24.39 15.55 20.52 25.03 42.38 59.67 83.90 63.39 66.87
19.47 42.58 59.40 57.65 126.87 128.81 96.61 94.86 127.24 115.37 44.25 48.05 57.83 50.84 23.64 66.75 21.25 40.75 44.00 0.00 4.25 102.55 109.85 71.95 67.59 68.05 67.92 71.05 76.40 78.33 116.64 128.00 74.45 94.82 102.61 16.84 98.60 83.16 58.82 39.32 29.26 23.03 90.02 33.34 32.65 93.40 99.15 52.37 33.08 5.60 48.59 5.20 5.28 38.97 51.43 84.80 42.01 65.13 50.90 48.76 69.71 58.40 57.25 60.64 27.14 14.56 19.80 61.22 20.25 23.58
15.90 41.64 59.25 57.30 123.22 125.21 93.21 91.76 123.43 111.21 47.92 51.81 61.74 54.84 23.25 62.50 17.00 36.50 39.75 4.25 0.00 98.30 105.60 70.35 66.76 67.10 67.01 70.79 75.51 77.93 113.65 124.98 78.65 98.67 105.86 13.90 102.14 86.22 57.60 35.26 25.23 19.51 88.81 29.11 28.65 93.53 100.94 50.87 29.95 8.97 44.35 9.01 9.11 34.73 51.97 82.24 37.81 62.36 47.07 44.51 66.65 54.50 53.06 56.51 23.60 14.00 23.00 62.42 24.28 27.66
86.08 99.86 114.78 111.60 64.38 68.11 62.06 71.47 56.77 25.49 142.11 146.46 157.23 151.18 101.01 35.80 81.30 61.80 58.55 102.55 98.30 0.00 7.30 98.72 109.35 107.84 108.24 119.29 112.52 121.22 84.25 89.34 176.45 192.47 192.20 90.47 192.24 171.76 100.65 65.73 75.03 83.64 113.71 69.35 72.28 139.26 168.94 95.31 80.07 106.29 54.13 106.84 106.94 63.77 118.55 83.31 61.40 76.06 60.18 53.81 69.74 53.41 46.97 45.74 80.53 99.54 117.39 132.00 121.75 125.25
93.34 106.57 121.11 117.95 64.05 67.80 65.34 75.09 55.74 23.51 149.33 153.68 164.46 158.43 108.14 43.10 88.60 69.10 65.85 109.85 105.60 7.30 0.00 104.30 115.29 113.74 114.14 125.28 118.14 126.94 86.28 90.52 183.73 199.62 199.07 97.73 199.25 178.65 106.83 72.94 82.30 90.87 118.67 76.64 79.51 144.79 175.17 101.70 87.14 113.58 61.42 114.14 114.24 71.06 125.19 87.93 68.66 81.87 67.07 61.10 75.31 60.14 54.15 52.76 87.73 106.78 124.64 138.58 129.04 132.53
57.61 30.39 25.61 23.85 80.57 80.57 49.79 41.30 86.12 94.18 79.10 82.84 92.36 90.27 49.27 75.90 66.30 66.89 67.54 71.95 70.35 98.72 104.30 0.00 13.75 11.85 12.35 23.03 13.84 22.80 56.35 67.26 128.62 117.17 106.51 57.21 110.98 88.14 14.39 55.54 57.36 78.25 19.83 68.48 76.13 40.55 73.31 19.61 44.75 77.33 71.56 76.46 76.50 69.55 36.41 23.51 60.65 22.96 47.82 69.47 29.00 50.26 62.93 59.90 52.17 57.56 67.36 44.89 87.24 89.26
56.38 25.13 12.83 12.09 94.32 94.32 63.37 55.04 99.79 106.63 67.92 71.40 80.41 78.95 44.00 83.60 66.12 70.61 71.85 67.59 66.76 109.35 115.29 13.75 0.00 1.90 1.40 10.03 8.84 13.19 69.64 80.33 117.96 103.77 92.76 54.91 97.30 74.44 10.69 59.29 58.75 77.83 23.41 70.68 77.71 31.86 60.56 18.32 45.73 72.60 76.46 71.56 71.59 72.78 24.44 37.26 64.90 33.50 54.32 74.55 40.52 58.33 70.04 67.84 52.46 53.06 59.53 31.35 80.50 82.09
56.35 25.48 14.49 13.50 92.42 92.42 61.49 53.14 97.90 104.89 69.41 72.93 82.03 80.47 44.51 82.44 65.98 69.95 71.11 68.05 67.10 107.84 113.74 11.85 1.90 0.00 0.50 11.72 8.44 14.12 67.79 78.51 119.39 105.62 94.66 55.03 99.19 76.33 10.23 58.59 58.37 77.74 22.45 70.22 77.35 32.85 62.29 17.89 45.35 73.12 75.65 72.10 72.13 72.19 25.99 35.36 64.15 31.90 53.25 73.72 38.84 57.09 68.93 66.63 52.21 53.49 60.49 33.21 81.33 82.99
56.35 25.38 14.05 13.11 92.92 92.92 61.99 53.64 98.40 105.35 69.02 72.53 81.60 80.07 44.37 82.74 66.01 70.12 71.30 67.92 67.01 108.24 114.14 12.35 1.40 0.50 0.00 11.27 8.51 13.86 68.28 78.99 119.01 105.13 94.16 54.99 98.69 75.83 10.32 58.77 58.46 77.76 22.69 70.34 77.44 32.58 61.84 17.98 45.44 72.98 75.86 71.95 71.98 72.34 25.58 35.86 64.34 32.31 53.53 73.93 39.28 57.41 69.22 66.95 52.27 53.37 60.23 32.72 81.11 82.75
62.14 30.17 11.72 13.50 103.27 103.09 72.81 64.13 109.07 116.61 64.85 67.92 76.10 75.52 47.55 92.93 72.27 78.60 80.07 71.05 70.79 119.29 125.28 23.03 10.03 11.72 11.27 0.00 12.02 7.64 77.32 87.62 114.99 96.69 84.07 60.08 89.31 66.44 19.37 67.43 65.86 83.66 25.95 77.98 84.62 23.78 50.57 26.42 52.97 75.68 84.87 74.53 74.54 80.53 22.32 46.19 73.16 43.52 63.48 83.05 50.55 67.89 79.26 77.31 59.17 56.81 60.34 24.74 81.82 83.03
64.76 33.88 20.35 20.39 92.12 91.78 62.43 53.29 98.30 107.82 75.48 78.78 87.38 86.38 52.82 88.82 74.32 77.66 78.67 76.40 75.51 112.52 118.14 13.84 8.84 8.44 8.51 12.02 0.00 9.15 65.45 75.65 125.64 108.71 95.76 63.47 101.25 78.40 18.52 66.26 66.51 86.12 14.99 78.25 85.49 26.80 60.25 26.11 53.51 81.43 83.05 80.39 80.42 80.01 32.07 35.34 71.71 36.59 60.06 81.06 42.83 63.25 75.55 72.88 60.48 61.86 68.22 36.61 89.28 90.83
68.66 36.80 19.24 20.69 100.94 100.50 71.53 62.29 107.28 116.93 72.10 75.05 82.92 82.65 54.76 96.52 78.63 83.78 85.04 78.33 77.93 121.22 126.94 22.80 13.19 14.12 13.86 7.64 9.15 0.00 73.57 83.43 122.17 101.91 87.68 66.83 93.73 70.99 23.85 72.46 71.67 90.18 19.84 83.68 90.58 18.74 51.18 31.41 58.67 83.06 89.65 81.92 81.94 85.90 29.92 44.37 78.09 45.17 67.37 87.74 51.66 71.11 83.05 80.68 65.21 63.99 67.96 31.06 89.43 90.65
98.01 82.40 81.96 80.15 32.05 30.11 25.45 22.22 41.13 65.92 134.17 138.14 148.08 145.37 98.22 83.55 102.61 92.20 90.76 116.64 113.65 84.25 86.28 56.35 69.64 67.79 68.28 77.32 65.45 73.57 0.00 11.47 182.46 173.40 161.17 99.84 166.61 143.73 69.39 84.15 91.76 113.13 55.37 98.01 105.85 84.53 123.26 71.14 83.71 122.22 91.69 121.77 121.85 95.74 92.59 34.14 86.11 51.73 70.96 89.51 47.03 66.37 77.38 72.06 90.48 104.20 118.43 100.98 135.34 138.03
109.28 93.81 92.81 91.11 30.19 27.20 34.79 33.29 40.00 68.70 145.47 149.42 159.29 156.68 109.69 92.33 113.65 102.60 101.01 128.00 124.98 89.34 90.52 67.26 80.33 78.51 78.99 87.62 75.65 83.43 11.47 0.00 193.89 184.05 171.10 111.19 176.90 154.05 80.56 94.94 102.79 123.99 64.57 108.65 116.41 93.12 132.22 82.52 95.03 133.58 101.64 133.15 133.22 106.15 103.62 45.50 96.64 63.18 81.68 99.50 58.33 76.71 87.16 81.80 101.72 115.65 129.90 111.62 146.77 149.48
92.98 100.09 105.36 105.90 198.14 199.61 166.41 162.42 199.70 189.77 50.17 47.13 40.67 39.55 85.31 140.75 95.49 114.86 118.10 74.45 78.65 176.45 183.73 128.62 117.96 119.39 119.01 114.99 125.64 122.17 182.46 193.89 0.00 54.20 79.20 89.23 67.82 72.10 114.37 113.57 103.52 93.25 140.56 107.16 104.51 127.95 107.95 111.44 104.24 70.26 122.32 69.81 69.71 112.70 93.61 148.43 116.45 131.76 124.24 122.75 138.04 131.98 131.70 135.00 100.14 81.70 64.87 91.82 54.72 51.23
107.23 97.00 91.59 93.67 196.40 196.88 164.28 157.40 200.52 199.29 51.04 46.94 37.08 44.38 91.49 157.67 114.35 132.74 135.84 94.82 98.67 192.47 199.62 117.17 103.77 105.62 105.13 96.69 108.71 101.91 173.40 184.05 54.20 0.00 27.44 102.73 15.04 32.02 105.29 126.85 118.06 117.77 121.73 126.47 127.27 99.64 67.45 106.10 112.60 93.53 141.04 92.40 92.31 131.90 81.79 140.35 131.60 129.45 133.22 140.59 136.89 140.75 145.51 147.00 112.05 93.48 76.43 72.44 82.01 79.23
110.75 92.79 82.14 84.84 187.08 187.05 155.84 147.79 192.36 195.52 59.36 56.50 50.39 57.64 92.84 159.16 119.47 136.04 138.87 102.61 105.86 192.20 199.07 106.51 92.76 94.66 94.16 84.07 95.76 87.68 161.17 171.10 79.20 27.44 0.00 106.34 12.41 20.50 96.93 128.24 120.76 125.36 106.84 130.88 133.34 81.08 44.30 99.68 112.67 102.79 144.26 101.49 101.42 135.91 74.88 130.00 133.61 122.73 132.02 143.40 130.29 138.99 146.01 146.52 113.96 97.35 82.87 62.61 94.53 92.44
4.51 30.03 48.99 46.64 110.36 112.21 79.83 78.03 111.06 101.00 51.87 56.15 66.83 60.70 14.91 55.11 13.90 30.08 33.13 16.84 13.90 90.47 97.73 57.21 54.91 55.03 54.99 60.08 63.47 66.83 99.84 111.19 89.23 102.73 106.34 0.00 104.23 86.06 45.15 25.00 15.45 23.90 76.13 24.55 28.01 83.50 95.59 38.02 16.24 22.39 38.39 22.02 22.10 29.62 43.73 68.35 29.10 48.46 35.03 37.87 52.88 42.76 43.78 46.35 10.92 9.25 26.92 55.86 36.50 39.60
108.71 94.12 85.83 88.27 191.24 191.44 159.51 151.97 196.00 197.16 54.43 50.95 43.07 50.59 91.61 158.30 116.78 134.26 137.22 98.60 102.14 192.24 199.25 110.98 97.30 99.19 98.69 89.31 101.25 93.73 166.61 176.90 67.82 15.04 12.41 104.23 0.00 22.88 100.25 127.28 119.16 121.60 113.33 128.58 130.30 89.20 54.49 102.11 112.21 98.14 142.56 96.90 96.82 133.81 77.27 134.46 132.40 125.46 132.26 141.88 133.01 139.52 145.54 146.50 112.67 95.04 79.24 66.21 88.39 85.99
90.44 72.55 63.10 65.62 168.48 168.64 136.86 129.20 173.38 175.48 41.35 39.27 35.99 42.29 72.40 138.66 99.34 115.64 118.45 83.16 86.22 171.76 178.65 88.14 74.44 76.33 75.83 66.44 78.40 70.99 143.73 154.05 72.10 32.02 20.50 86.06 22.88 0.00 77.66 107.76 100.34 105.65 90.68 110.61 113.29 67.65 37.16 79.89 92.17 83.76 123.84 82.43 82.36 115.58 55.01 111.63 113.14 103.14 111.59 122.96 110.70 118.61 125.52 126.06 93.50 77.15 63.36 43.45 76.88 75.17
46.28 16.44 14.92 12.09 91.17 91.59 59.26 52.12 95.75 99.70 65.09 68.94 78.72 76.29 35.59 73.57 55.81 59.93 61.20 58.82 57.60 100.65 106.83 14.39 10.69 10.23 10.32 19.37 18.52 23.85 69.39 80.56 114.37 105.29 96.93 45.15 100.25 77.66 0.00 48.62 48.15 67.61 31.22 60.03 67.13 42.40 68.34 7.67 35.13 64.04 65.85 63.09 63.13 62.09 23.53 35.45 54.25 26.10 44.12 63.97 33.59 48.63 59.89 57.99 41.99 44.28 53.06 34.33 73.23 75.14
20.80 39.86 58.74 55.68 89.24 91.52 61.12 61.96 88.72 76.24 76.39 80.73 91.52 85.59 35.67 31.02 19.83 11.40 12.65 39.32 35.26 65.73 72.94 55.54 59.29 58.59 58.77 67.43 66.26 72.46 84.15 94.94 113.57 126.85 128.24 25.00 127.28 107.76 48.62 0.00 10.07 29.09 75.31 14.23 22.30 90.95 111.34 41.11 16.09 44.12 17.65 44.27 44.37 14.04 58.24 57.52 5.86 37.73 13.32 16.10 38.68 19.76 18.83 21.46 14.81 33.88 51.84 71.78 59.54 62.90
11.05 36.45 56.03 53.18 98.64 100.80 69.66 69.55 98.44 86.27 67.29 71.59 82.28 76.14 27.96 39.67 10.85 15.32 18.12 29.26 25.23 75.03 82.30 57.36 58.75 58.37 58.46 65.86 66.51 71.67 91.76 102.79 103.52 118.06 120.76 15.45 119.16 100.34 48.15 10.07 0.00 21.96 77.14 12.19 18.99 89.64 106.69 40.48 13.02 34.12 23.51 34.24 34.33 15.81 53.61 63.05 13.65 42.76 22.26 22.72 45.19 29.41 28.51 31.48 7.27 24.62 42.36 66.78 49.49 52.84
21.53 53.49 72.77 70.31 117.55 120.00 90.19 90.92 116.25 99.64 67.28 71.07 80.73 73.62 38.37 48.47 11.94 24.11 26.99 23.03 19.51 83.64 90.87 78.25 77.83 77.74 77.76 83.66 86.12 90.18 113.13 123.99 93.25 117.77 125.36 23.90 121.60 105.65 67.61 29.09 21.96 0.00 97.82 16.42 11.36 107.23 118.70 60.10 33.57 24.60 30.08 25.58 25.67 21.05 67.55 85.01 28.46 64.71 42.40 31.05 66.97 48.33 42.38 47.00 26.09 30.27 42.51 79.31 39.05 42.52
76.90 47.51 35.34 35.31 84.61 83.73 57.84 47.81 91.84 105.64 90.39 93.62 102.00 101.22 66.67 94.10 85.89 86.62 87.17 90.02 88.81 113.71 118.67 19.83 23.41 22.45 22.69 25.95 14.99 19.84 55.37 64.57 140.56 121.73 106.84 76.13 113.33 90.68 31.22 75.31 77.14 97.82 0.00 88.31 95.95 29.54 67.89 38.12 64.43 95.22 91.04 94.24 94.27 89.33 47.04 31.23 80.33 40.67 66.99 88.91 45.01 68.61 81.62 78.16 71.78 75.47 82.92 50.58 103.77 105.43
20.20 48.63 68.22 65.36 101.21 103.71 74.45 75.88 99.83 83.80 75.43 79.58 89.96 83.36 38.78 33.59 12.26 7.91 11.04 33.34 29.11 69.35 76.64 68.48 70.68 70.22 70.34 77.98 78.25 83.68 98.01 108.65 107.16 126.47 130.88 24.55 128.58 110.61 60.03 14.23 12.19 16.42 88.31 0.00 8.07 101.75 118.55 52.36 25.03 36.94 15.26 37.50 37.60 5.62 65.60 71.73 12.21 51.82 27.08 15.60 52.91 32.30 26.05 30.58 19.29 33.58 50.05 78.61 52.44 55.94
24.21 54.83 74.47 71.72 108.09 110.70 82.05 83.76 106.28 88.58 76.39 80.37 90.39 83.48 42.87 37.19 14.15 14.15 16.55 32.65 28.65 72.28 79.51 76.13 77.71 77.35 77.44 84.62 85.49 90.58 105.85 116.41 104.51 127.27 133.34 28.01 130.30 113.29 67.13 22.30 18.99 11.36 95.95 8.07 0.00 108.40 123.43 59.46 32.00 35.17 18.94 35.99 36.09 10.69 70.94 79.80 19.77 59.87 35.00 20.13 60.96 39.82 32.10 37.04 25.46 36.29 51.12 83.57 50.11 53.60
85.76 53.81 34.51 36.92 114.15 113.24 86.76 76.94 121.32 133.64 79.26 81.40 87.44 88.74 70.33 115.24 95.96 102.20 103.57 93.40 93.53 139.26 144.79 40.55 31.86 32.85 32.58 23.78 26.80 18.74 84.53 93.12 127.95 99.64 81.08 83.50 89.20 67.65 42.40 90.95 89.64 107.23 29.54 101.75 108.40 0.00 39.29 49.84 76.73 97.69 108.25 96.46 96.47 104.22 42.30 59.61 96.63 63.39 86.11 106.37 69.53 89.78 101.78 99.37 82.95 79.54 80.50 37.16 102.05 102.78
99.22 71.57 54.28 57.47 151.87 151.26 122.68 113.46 158.42 167.18 67.54 67.53 68.74 73.15 80.68 140.07 109.46 121.44 123.63 99.15 100.94 168.94 175.17 73.31 60.56 62.29 61.84 50.57 60.25 51.18 123.26 132.22 107.95 67.45 44.30 95.59 54.49 37.16 68.34 111.34 106.69 118.70 67.89 118.55 123.43 39.29 0.00 73.77 95.36 101.70 128.89 100.32 100.28 122.47 53.18 95.55 117.18 93.87 110.73 127.44 101.04 116.27 126.27 125.23 99.42 88.44 81.02 39.94 99.97 99.34
38.89 11.44 19.50 16.31 90.58 91.31 58.31 52.25 94.43 95.96 63.16 67.22 77.45 74.33 29.74 66.94 48.26 52.39 53.73 52.37 50.87 95.31 101.70 19.61 18.32 17.89 17.98 26.42 26.11 31.41 71.14 82.52 111.44 106.10 99.68 38.02 102.11 79.89 7.67 41.11 40.48 60.10 38.12 52.36 59.46 49.84 73.77 0.00 27.46 57.73 58.47 56.85 56.89 54.49 24.88 37.02 46.80 23.40 37.41 56.64 30.92 42.52 53.18 51.64 34.37 37.95 48.51 37.40 67.83 69.96
14.41 24.12 43.47 40.52 94.43 96.19 63.64 61.82 95.50 87.67 63.03 67.43 78.33 72.97 21.19 46.54 21.64 26.24 28.27 33.08 29.95 80.07 87.14 44.75 45.73 45.35 45.44 52.97 53.51 58.67 83.71 95.03 104.24 112.60 112.67 16.24 112.21 92.17 35.13 16.09 13.02 33.57 64.43 25.03 32.00 76.73 95.36 27.46 0.00 38.62 33.53 38.27 38.34 27.75 42.21 52.86 21.87 32.67 20.90 32.12 36.70 28.67 33.38 34.42 7.55 22.55 40.01 55.72 52.58 55.59
24.81 47.72 63.99 62.37 132.18 134.16 102.07 100.43 132.40 119.85 43.73 47.23 56.45 49.22 28.61 70.53 25.26 44.60 47.84 5.60 8.97 106.29 113.58 77.33 72.60 73.12 72.98 75.68 81.43 83.06 122.22 133.58 70.26 93.53 102.79 22.39 98.14 83.76 64.04 44.12 34.12 24.60 95.22 36.94 35.17 97.69 101.70 57.73 38.62 0.00 52.16 1.39 1.43 42.52 55.50 90.40 46.41 70.73 56.04 52.52 75.27 63.45 61.65 65.25 32.51 19.79 20.98 64.58 15.59 19.06
33.89 57.49 76.37 73.30 90.64 93.45 66.86 70.20 88.19 69.64 90.06 94.28 104.79 98.32 51.45 18.49 27.41 8.31 5.41 48.59 44.35 54.13 61.42 71.56 76.46 75.65 75.86 84.87 83.05 89.65 91.69 101.64 122.32 141.04 144.26 38.39 142.56 123.84 65.85 17.65 23.51 30.08 91.04 15.26 18.94 108.25 128.89 58.47 33.53 52.16 0.00 52.75 52.85 9.65 75.74 69.71 11.80 51.47 24.35 2.26 50.33 25.84 14.63 19.98 30.44 47.64 64.77 89.21 67.62 71.12
24.65 46.73 62.83 61.25 132.06 134.00 101.81 100.03 132.38 120.15 42.48 46.02 55.32 48.12 27.59 71.06 25.68 45.10 48.34 5.20 9.01 106.84 114.14 76.46 71.56 72.10 71.95 74.53 80.39 81.92 121.77 133.15 69.81 92.40 101.49 22.02 96.90 82.43 63.09 44.27 34.24 25.58 94.24 37.50 35.99 96.46 100.32 56.85 38.27 1.39 52.75 0.00 0.10 43.10 54.25 89.80 46.73 70.22 56.02 53.05 74.87 63.49 61.97 65.49 32.33 18.90 19.60 63.24 15.28 18.69
24.74 46.77 62.84 61.26 132.14 134.08 101.89 100.10 132.47 120.25 42.40 45.94 55.24 48.03 27.62 71.16 25.78 45.20 48.44 5.28 9.11 106.94 114.24 76.50 71.59 72.13 71.98 74.54 80.42 81.94 121.85 133.22 69.71 92.31 101.42 22.10 96.82 82.36 63.13 44.37 34.33 25.67 94.27 37.60 36.09 96.47 100.28 56.89 38.34 1.43 52.85 0.10 0.00 43.20 54.25 89.87 46.82 70.29 56.11 53.15 74.94 63.58 62.07 65.59 32.42 18.94 19.55 63.22 15.19 18.60
25.17 51.81 71.22 68.27 97.40 100.02 71.64 73.77 95.63 78.66 80.88 85.05 95.48 88.92 43.43 28.06 17.85 3.55 5.96 38.97 34.73 63.77 71.06 69.55 72.78 72.19 72.34 80.53 80.01 85.90 95.74 106.15 112.70 131.90 135.91 29.62 133.81 115.58 62.09 14.04 15.81 21.05 89.33 5.62 10.69 104.22 122.47 54.49 27.75 42.52 9.65 43.10 43.20 0.00 69.35 70.93 9.86 51.48 25.35 10.15 51.76 29.45 21.48 26.36 23.07 38.78 55.52 82.57 57.99 61.48
46.89 18.88 11.75 12.62 114.61 115.09 82.55 75.64 118.93 120.64 43.51 46.96 56.09 54.51 29.29 87.65 57.29 68.27 70.46 51.43 51.97 118.55 125.19 36.41 24.44 25.99 25.58 22.32 32.07 29.92 92.59 103.62 93.61 81.79 74.88 43.73 77.27 55.01 23.53 58.24 53.61 67.55 47.04 65.60 70.94 42.30 53.18 24.88 42.21 55.50 75.74 54.25 54.25 69.35 0.00 58.89 64.07 48.19 58.82 74.32 55.74 65.16 73.94 73.49 46.36 38.17 38.48 13.64 60.06 61.06
67.24 48.34 48.81 46.70 57.11 57.06 27.25 17.98 62.99 74.43 100.03 104.01 114.01 111.23 64.86 68.11 73.57 67.63 67.14 84.80 82.24 83.31 87.93 23.51 37.26 35.36 35.86 46.19 35.34 44.37 34.14 45.50 148.43 140.35 130.00 68.35 134.46 111.63 35.45 57.52 63.05 85.01 31.23 71.73 79.80 59.61 95.55 37.02 52.86 90.40 69.71 89.80 89.87 70.93 58.89 0.00 61.10 20.33 45.78 67.45 19.39 44.38 57.49 53.00 60.19 71.55 84.79 68.30 102.61 105.12
24.68 45.72 64.58 61.51 89.09 91.56 62.31 64.06 87.92 73.44 80.90 85.21 95.92 89.79 40.84 26.07 21.27 6.54 6.96 42.01 37.81 61.40 68.66 60.65 64.90 64.15 64.34 73.16 71.71 78.09 86.11 96.64 116.45 131.60 133.61 29.10 132.40 113.14 54.25 5.86 13.65 28.46 80.33 12.21 19.77 96.63 117.18 46.80 21.87 46.41 11.80 46.73 46.82 9.86 64.07 61.10 0.00 41.81 15.50 10.25 41.90 20.11 15.25 19.04 19.73 38.24 56.00 77.59 61.99 65.42
47.09 33.05 41.00 38.08 67.66 68.63 35.35 30.70 71.12 73.62 85.15 89.37 99.88 96.18 46.75 53.45 53.24 48.34 48.25 65.13 62.36 76.06 81.87 22.96 33.50 31.90 32.31 43.52 36.59 45.17 51.73 63.18 131.76 129.45 122.73 48.46 125.46 103.14 26.10 37.73 42.76 64.71 40.67 51.82 59.87 63.39 93.87 23.40 32.67 70.73 51.47 70.22 70.29 51.48 48.19 20.33 41.81 0.00 27.12 49.25 7.57 27.95 41.03 37.49 39.92 52.47 67.14 60.16 83.61 86.30
31.52 39.97 56.64 53.44 76.38 78.54 47.81 48.81 76.36 66.78 83.92 88.32 99.22 93.86 42.05 29.53 32.81 21.95 21.37 50.90 47.07 60.18 67.07 47.82 54.32 53.25 53.53 63.48 60.06 67.37 70.96 81.68 124.24 133.22 132.02 35.03 132.26 111.59 44.12 13.32 22.26 42.40 66.99 27.08 35.00 86.11 110.73 37.41 20.90 56.04 24.35 56.02 56.11 25.35 58.82 45.78 15.50 27.12 0.00 22.14 26.48 7.81 15.78 14.67 24.12 42.87 60.68 72.42 71.10 74.35
33.36 55.95 74.70 71.61 88.82 91.59 64.74 67.99 86.53 68.59 89.67 93.92 104.49 98.11 50.56 18.02 27.51 8.04 4.81 48.76 44.51 53.81 61.10 69.47 74.55 73.72 73.93 83.05 81.06 87.74 89.51 99.50 122.75 140.59 143.40 37.87 141.88 122.96 63.97 16.10 22.72 31.05 88.91 15.60 20.13 106.37 127.44 56.64 32.12 52.52 2.26 53.05 53.15 10.15 74.32 67.45 10.25 49.25 22.14 0.00 48.07 23.59 12.65 17.96 29.46 47.12 64.46 87.84 68.04 71.53
50.97 40.24 48.51 45.61 60.66 61.80 28.47 25.16 63.79 66.25 92.08 96.34 106.93 103.04 52.77 49.73 55.97 48.40 47.80 69.71 66.65 69.74 75.31 29.00 40.52 38.84 39.28 50.55 42.83 51.66 47.03 58.33 138.04 136.89 130.29 52.88 133.01 110.70 33.59 38.68 45.19 66.97 45.01 52.91 60.96 69.53 101.04 30.92 36.70 75.27 50.33 74.87 74.94 51.76 55.74 19.39 41.90 7.57 26.48 48.07 0.00 25.15 38.36 34.14 43.47 57.78 73.23 67.72 88.76 91.58
39.14 46.45 62.00 58.80 69.49 71.81 42.23 44.57 69.03 59.01 91.66 96.06 106.95 101.64 49.76 25.64 39.59 25.90 24.39 58.40 54.50 53.41 60.14 50.26 58.33 57.09 57.41 67.89 63.25 71.11 66.37 76.71 131.98 140.75 138.99 42.76 139.52 118.61 48.63 19.76 29.41 48.33 68.61 32.30 39.82 89.78 116.27 42.52 28.67 63.45 25.84 63.49 63.58 29.45 65.16 44.38 20.11 27.95 7.81 23.59 25.15 0.00 13.24 9.65 31.84 50.68 68.50 78.65 78.64 81.92
39.50 55.07 72.32 69.13 76.24 78.97 52.37 56.21 74.18 58.21 95.19 99.54 110.34 104.42 54.09 13.81 36.44 18.27 15.55 57.25 53.06 46.97 54.15 62.93 70.04 68.93 69.22 79.26 75.55 83.05 77.38 87.16 131.70 145.51 146.01 43.78 145.54 125.52 59.89 18.83 28.51 42.38 81.62 26.05 32.10 101.78 126.27 53.18 33.38 61.65 14.63 61.97 62.07 21.48 73.94 57.49 15.25 41.03 15.78 12.65 38.36 13.24 0.00 5.37 33.59 52.71 70.66 87.58 77.23 80.66
42.24 54.64 71.03 67.83 71.10 73.79 47.01 51.01 69.30 54.79 97.09 101.47 112.33 106.63 55.53 16.00 40.26 23.00 20.52 60.64 56.51 45.74 52.76 59.90 67.84 66.63 66.95 77.31 72.88 80.68 72.06 81.80 135.00 147.00 146.52 46.35 146.50 126.06 57.99 21.46 31.48 47.00 78.16 30.58 37.04 99.37 125.23 51.64 34.42 65.25 19.98 65.49 65.59 26.36 73.49 53.00 19.04 37.49 14.67 17.96 34.14 9.65 5.37 0.00 35.75 55.00 73.00 87.08 80.78 84.17
7.70 29.45 49.08 46.29 99.74 101.67 69.62 68.44 100.24 90.23 61.60 65.95 76.76 70.91 21.13 45.70 14.14 22.41 25.03 27.14 23.60 80.53 87.73 52.17 52.46 52.21 52.27 59.17 60.48 65.21 90.48 101.72 100.14 112.05 113.96 10.92 112.67 93.50 41.99 14.81 7.27 26.09 71.78 19.29 25.46 82.95 99.42 34.37 7.55 32.51 30.44 32.33 32.42 23.07 46.36 60.19 19.73 39.92 24.12 29.46 43.47 31.84 33.59 35.75 0.00 19.25 37.25 59.51 47.18 50.36
13.76 28.02 45.25 43.34 116.79 118.45 85.59 82.85 118.04 109.39 42.66 46.97 57.70 51.70 9.25 64.29 22.22 39.33 42.38 14.56 14.00 99.54 106.78 57.56 53.06 53.49 53.37 56.81 61.86 63.99 104.20 115.65 81.70 93.48 97.35 9.25 95.04 77.15 44.28 33.88 24.62 30.27 75.47 33.58 36.29 79.54 88.44 37.95 22.55 19.79 47.64 18.90 18.94 38.78 38.17 71.55 38.24 52.47 42.87 47.12 57.78 50.68 52.71 55.00 19.25 0.00 18.00 49.23 31.14 33.84
31.32 37.14 48.79 47.97 133.28 134.74 101.55 97.84 135.04 127.34 25.39 29.54 40.03 33.79 20.46 81.95 37.93 56.51 59.67 19.80 23.00 117.39 124.64 67.36 59.53 60.49 60.23 60.34 68.22 67.96 118.43 129.90 64.87 76.43 82.87 26.92 79.24 63.36 53.06 51.84 42.36 42.51 82.92 50.05 51.12 80.50 81.02 48.51 40.01 20.98 64.77 19.60 19.55 55.52 38.48 84.79 56.00 67.14 60.68 64.46 73.23 68.50 70.66 73.00 37.25 18.00 0.00 45.27 21.59 22.70
59.37 32.51 19.65 22.24 125.04 125.24 93.43 85.77 129.95 133.35 42.32 44.79 52.02 52.30 41.01 101.29 69.67 81.63 83.90 61.22 62.42 132.00 138.58 44.89 31.35 33.21 32.72 24.74 36.61 31.06 100.98 111.62 91.82 72.44 62.61 55.86 66.21 43.45 34.33 71.78 66.78 79.31 50.58 78.61 83.57 37.16 39.94 37.40 55.72 64.58 89.21 63.24 63.22 82.57 13.64 68.30 77.59 60.16 72.42 87.84 67.72 78.65 87.58 87.08 59.51 49.23 45.27 0.00 66.35 66.68
39.60 56.87 70.21 69.22 146.85 148.70 116.21 113.89 147.41 135.42 35.54 38.03 45.47 37.95 38.15 86.04 40.85 60.16 63.39 20.25 24.28 121.75 129.04 87.24 80.50 81.33 81.11 81.82 89.28 89.43 135.34 146.77 54.72 82.01 94.53 36.50 88.39 76.88 73.23 59.54 49.49 39.05 103.77 52.44 50.11 102.05 99.97 67.83 52.58 15.59 67.62 15.28 15.19 57.99 60.06 102.61 61.99 83.61 71.10 68.04 88.76 78.64 77.23 80.78 47.18 31.14 21.59 66.35 0.00 3.50
42.83 58.86 71.49 70.64 149.95 151.76 119.17 116.68 150.60 138.85 33.88 36.06 42.96 35.43 40.42 89.53 44.31 63.64 66.87 23.58 27.66 125.25 132.53 89.26 82.09 82.99 82.75 83.03 90.83 90.65 138.03 149.48 51.23 79.23 92.44 39.60 85.99 75.17 75.14 62.90 52.84 42.52 105.43 55.94 53.60 102.78 99.34 69.96 55.59 19.06 71.12 18.69 18.60 61.48 61.06 105.12 65.42 86.30 74.35 71.53 91.58 81.92 80.66 84.17 50.36 33.84 22.70 66.68 3.50 0.00

