90
0.00 28.85 36.06 76.28 61.66 34.75 81.96 57.50 67.10 55.78 82.27 42.63 42.59 44.67 43.95 40.64 34.60 46.03 65.26 44.35 67.64 81.98 74.40 83.63 109.98 114.09 107.98 68.32 71.51 81.76 72.37 44.86 69.64 120.62 141.33 124.60 130.05 18.81 37.06 36.40 34.60 35.26 128.43 144.08 124.63 129.05 17.61 35.62 44.22 30.46 87.93 109.25 117.23 82.62 69.28 72.98 118.47 130.44 122.06 126.27 105.73 126.67 77.99 52.03 45.97 137.93 148.99 124.00 135.11 78.39 23.92 83.15 94.23 55.97 78.15 103.42 88.56 95.54 81.00 82.90 121.72 129.24 140.46 124.60 128.58 106.96 110.08 119.39 85.48 61.85
28.85 0.00 11.75 78.28 48.47 58.08 64.06 34.90 48.30 38.73 59.01 35.75 38.33 40.92 31.05 35.84 23.75 40.25 42.03 31.11 44.52 59.02 52.35 56.30 118.68 114.48 111.94 75.11 65.45 62.06 54.07 58.00 47.72 131.00 138.26 134.81 142.15 40.35 28.50 26.50 23.75 24.57 125.69 139.60 129.48 139.90 37.55 27.69 46.27 22.93 65.83 101.16 108.04 61.95 45.97 50.82 128.56 140.08 128.90 132.06 108.01 118.11 57.08 34.62 47.72 130.62 142.41 131.73 133.32 56.75 49.32 66.12 69.13 41.42 64.54 96.07 90.35 97.53 90.98 91.02 111.02 126.02 137.89 129.52 133.49 113.41 119.32 115.87 68.21 36.05
36.06 11.75 0.00 70.27 37.33 59.77 71.00 23.38 36.55 27.17 47.89 27.35 30.60 33.06 41.37 28.24 16.10 31.73 46.95 41.34 33.24 47.82 40.89 56.26 112.07 105.34 103.87 86.84 75.93 68.19 42.32 69.55 53.21 124.85 128.10 128.55 136.53 42.79 20.66 18.52 16.10 16.73 115.68 129.14 121.48 133.83 39.77 20.34 40.03 34.56 54.46 90.25 96.91 50.34 50.59 55.98 122.33 133.57 121.54 124.33 99.50 107.03 45.47 43.26 59.39 119.68 131.55 124.64 123.48 45.25 52.69 54.38 71.30 50.62 73.13 85.33 81.98 89.09 85.37 84.73 99.67 115.90 127.84 121.54 125.47 106.12 112.91 105.76 75.31 39.14
76.28 78.28 70.27 0.00 41.78 59.25 141.26 63.84 54.40 51.62 71.43 42.95 39.99 37.43 108.98 42.47 54.74 38.54 116.94 109.10 66.41 70.26 64.72 121.14 43.54 37.82 33.67 144.48 142.56 138.39 53.48 121.03 123.31 57.10 65.72 60.41 69.96 60.90 49.97 52.06 54.74 53.97 52.89 69.30 51.26 66.04 60.32 50.65 33.04 98.20 69.80 42.51 51.10 62.92 120.40 125.95 54.46 64.73 51.49 54.06 29.98 57.99 62.21 112.80 120.25 66.36 75.97 54.88 59.05 64.55 65.53 52.18 138.41 119.70 142.78 36.56 12.37 19.53 24.68 20.20 57.86 53.98 64.63 51.31 55.26 36.28 44.85 44.72 145.57 108.45
61.66 48.47 37.33 41.78 0.00 66.23 105.32 22.81 13.33 11.29 32.41 19.79 21.60 20.93 78.67 22.50 27.69 18.13 79.95 78.63 24.72 31.42 24.42 80.47 85.23 71.30 72.87 122.96 113.22 101.58 14.91 103.35 86.46 98.85 91.59 102.10 111.73 56.03 24.61 25.47 27.69 26.91 79.50 92.19 90.13 107.76 53.61 26.05 28.75 71.30 33.74 52.95 59.60 26.68 82.95 88.68 96.20 106.19 92.03 93.67 67.32 69.70 23.84 79.83 95.93 82.36 94.25 95.82 87.56 25.72 65.39 22.29 98.27 87.42 109.19 48.18 51.13 57.59 63.73 60.78 62.62 79.51 91.51 90.25 93.96 77.40 86.61 69.46 109.71 70.67
34.75 58.08 59.77 59.25 66.23 0.00 116.62 73.72 76.90 66.27 95.66 47.81 44.98 45.31 78.67 44.79 48.56 48.21 98.59 79.05 82.72 94.97 87.07 114.32 82.23 94.52 85.02 96.48 105.12 116.19 80.57 71.31 103.46 90.98 123.92 94.97 98.84 17.77 47.30 48.31 48.56 48.64 111.35 128.11 99.80 98.78 20.53 46.24 38.21 65.19 99.03 99.89 108.51 92.33 102.62 106.76 89.13 101.08 95.44 100.45 84.74 116.48 88.65 86.49 78.53 125.55 135.20 96.49 116.61 89.94 11.31 88.07 126.87 90.71 112.86 93.75 69.88 75.81 54.12 57.81 114.52 112.66 122.54 99.70 103.51 81.52 81.82 103.80 120.19 93.85
81.96 64.06 71.00 141.26 105.32 116.62 0.00 83.90 98.80 94.04 97.70 98.32 101.44 103.96 38.04 99.02 86.71 102.72 25.57 37.63 88.53 98.48 95.96 40.11 182.60 175.83 174.86 63.37 32.30 6.00 103.84 69.81 19.13 195.04 196.75 198.83 206.19 99.57 91.44 89.31 86.71 87.43 184.80 196.89 192.48 203.95 97.40 90.91 110.15 51.54 105.53 156.94 162.29 105.75 23.26 17.70 192.58 204.05 192.45 195.32 170.39 172.43 101.63 30.36 49.54 185.60 197.65 195.45 192.88 99.95 105.87 115.22 30.56 26.17 12.86 152.85 152.94 160.02 155.04 155.01 163.38 184.76 196.76 192.54 196.46 177.00 183.30 174.75 4.40 35.23
57.50 34.90 23.38 63.84 22.81 73.72 83.90 0.00 15.17 12.23 24.84 28.04 31.86 33.13 61.39 30.79 25.50 30.27 58.34 61.24 10.15 24.64 17.51 57.68 107.38 93.98 95.62 109.31 95.25 79.80 20.68 92.88 64.82 120.88 113.01 124.24 133.55 59.14 26.47 25.42 25.50 25.27 101.31 113.00 112.93 129.85 56.20 27.49 42.34 57.01 31.11 73.05 78.61 27.09 61.06 66.81 118.25 128.54 114.67 116.42 90.12 88.79 22.21 60.68 81.70 101.88 113.92 118.37 109.50 21.88 69.35 32.78 75.47 68.43 88.92 69.00 73.78 80.34 84.15 81.90 80.27 101.14 113.12 113.04 116.77 99.87 108.64 91.24 88.29 48.80
67.10 48.30 36.55 54.40 13.33 76.90 98.80 15.17 0.00 11.42 19.43 29.11 32.02 32.12 76.25 32.11 32.65 29.07 73.23 76.12 12.39 18.53 11.14 70.42 97.55 81.05 84.14 123.35 110.30 94.56 5.77 105.72 79.69 111.24 98.54 114.37 124.26 64.79 31.31 31.29 32.65 32.07 87.11 98.25 101.04 120.08 62.09 32.70 40.81 71.01 22.17 58.21 63.53 15.83 75.81 81.55 108.58 118.22 103.59 104.81 78.19 73.70 11.77 75.82 95.83 86.83 98.88 107.55 95.40 13.12 74.66 17.92 88.60 83.57 104.06 54.43 62.88 68.94 76.93 73.80 65.10 86.83 98.76 101.18 104.77 89.35 99.03 77.07 103.19 63.61
55.78 38.73 27.17 51.62 11.29 66.27 94.04 12.23 11.42 0.00 29.40 18.61 21.98 22.65 68.18 21.61 21.25 19.61 68.66 68.11 17.46 28.72 20.80 69.73 95.15 82.50 83.60 113.78 102.65 90.29 16.59 95.27 75.17 108.65 102.79 112.02 121.32 53.55 19.96 19.87 21.25 20.66 90.77 103.26 100.99 117.62 50.80 21.32 31.81 61.65 33.30 63.75 70.04 27.22 71.65 77.38 106.02 116.33 102.55 104.41 78.24 80.21 22.93 68.89 86.45 93.04 105.00 106.21 98.84 23.90 63.51 27.93 87.34 76.53 98.07 59.19 61.69 68.34 72.10 69.73 72.56 90.75 102.75 101.09 104.85 87.69 96.41 80.72 98.44 59.38
82.27 59.01 47.89 71.43 32.41 95.66 97.70 24.84 19.43 29.40 0.00 47.94 51.11 51.41 82.33 50.95 49.18 48.34 72.84 82.08 14.71 1.22 8.60 63.50 113.50 93.13 98.46 131.80 114.54 92.69 18.16 116.88 78.87 127.21 106.09 130.10 140.46 82.53 48.94 48.45 49.18 48.77 95.94 104.52 114.53 135.86 79.70 50.20 60.21 80.09 7.88 65.21 68.34 10.00 74.51 80.00 124.56 133.47 118.12 118.63 92.00 77.98 9.21 79.66 104.24 91.19 103.05 122.35 104.33 6.91 92.62 22.32 81.76 87.28 105.10 63.01 78.36 83.69 94.96 91.37 67.78 95.24 106.74 114.70 118.03 104.71 115.16 86.25 101.94 63.21
42.63 35.75 27.35 42.95 19.79 47.81 98.32 28.04 29.11 18.61 47.94 0.00 3.92 5.92 66.77 3.02 12.00 4.50 74.20 66.85 35.73 47.21 39.34 80.79 84.92 78.72 76.59 106.94 100.96 95.53 33.08 85.84 80.51 97.87 103.02 101.51 109.83 36.33 7.29 9.25 12.00 11.19 90.32 104.77 94.19 106.87 33.84 8.33 14.56 57.12 51.27 67.71 75.33 44.69 77.76 83.23 95.32 106.41 94.20 97.00 72.40 85.06 40.87 70.01 80.80 96.94 108.44 97.33 97.79 42.14 45.89 42.05 97.16 77.07 100.00 62.16 54.79 61.94 58.98 57.83 79.41 90.76 102.53 94.25 98.19 78.79 85.83 80.63 102.62 66.01
42.59 38.33 30.60 39.99 21.60 44.98 101.44 31.86 32.02 21.98 51.11 3.92 0.00 2.59 69.20 2.50 14.76 3.62 77.54 69.30 39.29 50.34 42.53 84.59 81.49 76.34 73.67 108.11 103.18 98.77 35.61 86.49 83.81 94.34 101.26 98.02 106.21 34.58 10.01 12.13 14.76 14.02 88.49 103.26 91.24 103.34 32.30 10.66 10.65 59.08 54.08 66.91 74.74 47.35 81.15 86.57 91.81 102.99 91.01 93.94 69.68 84.32 43.73 72.81 82.35 95.94 107.29 94.06 95.82 45.12 43.81 43.85 100.85 79.75 102.79 61.22 52.02 59.20 55.26 54.26 79.13 89.02 100.69 91.29 95.25 75.57 82.35 78.92 105.72 69.50
44.67 40.92 33.06 37.43 20.93 45.31 103.96 33.13 32.12 22.65 51.41 5.92 2.59 0.00 71.79 5.09 17.31 3.07 79.99 71.89 40.09 50.58 42.86 86.69 79.07 73.75 71.10 110.53 105.76 101.25 35.36 88.76 86.27 91.98 98.75 95.64 103.92 35.83 12.55 14.65 17.31 16.56 85.97 100.80 88.68 100.99 33.67 13.23 9.23 61.64 54.02 64.67 72.57 47.16 83.57 89.02 89.44 100.57 88.50 91.40 67.10 82.09 43.74 75.38 84.86 93.62 104.93 91.57 93.27 45.24 44.77 43.00 103.07 82.33 105.37 58.93 49.43 56.62 53.06 51.92 77.08 86.51 98.16 88.73 92.68 73.07 79.96 76.42 108.24 71.87
43.95 31.05 41.37 108.98 78.67 78.67 38.04 61.39 76.25 68.18 82.33 66.77 69.20 71.79 0.00 66.70 54.77 71.26 26.43 0.54 69.35 82.69 77.52 50.33 148.24 145.48 142.55 50.25 34.57 38.29 81.94 42.25 28.45 160.08 169.24 163.97 170.63 61.86 59.49 57.53 54.77 55.59 156.70 170.44 160.01 168.86 59.86 58.61 76.40 13.50 89.97 131.61 138.18 87.68 29.84 31.69 157.73 169.46 159.01 162.42 138.84 148.32 82.91 9.52 23.83 161.03 172.91 161.63 164.36 81.98 67.85 94.11 54.98 12.06 34.99 126.69 121.15 128.35 119.89 120.53 140.70 157.00 168.89 160.04 164.03 143.54 148.72 146.85 41.53 28.81
40.64 35.84 28.24 42.47 22.50 44.79 99.02 30.79 32.11 21.61 50.95 3.02 2.50 5.09 66.70 0.00 12.31 5.42 75.19 66.80 38.66 50.22 42.35 82.59 83.83 78.84 76.14 105.79 100.69 96.38 36.03 84.31 81.44 96.64 103.69 100.32 108.44 33.53 7.59 9.73 12.31 11.59 90.93 105.64 93.72 105.63 31.11 8.17 12.38 56.60 54.27 69.10 76.86 47.67 78.82 84.22 94.11 105.33 93.43 96.40 72.18 86.49 43.88 70.33 79.94 98.19 109.59 96.46 98.28 45.15 43.00 44.79 98.72 77.25 100.31 63.44 54.51 61.70 57.41 56.53 81.14 91.44 103.13 93.76 97.72 77.98 84.67 81.34 103.29 67.22
34.60 23.75 16.10 54.74 27.69 48.56 86.71 25.50 32.65 21.25 49.18 12.00 14.76 17.31 54.77 12.31 0.00 16.50 63.00 54.85 35.12 48.71 40.86 71.58 96.06 90.73 88.41 95.91 89.01 84.11 37.79 75.71 69.20 108.77 114.83 112.49 120.43 33.65 4.78 2.76 0.00 0.85 102.18 116.42 105.99 117.75 30.72 4.25 23.93 45.35 54.08 78.74 86.07 48.35 66.68 72.03 106.26 117.55 105.75 108.70 84.33 95.97 43.87 58.09 69.38 108.13 119.75 108.76 109.71 44.53 43.86 48.61 87.17 65.09 88.08 73.37 66.69 73.86 69.28 68.65 89.72 102.57 114.38 106.04 109.99 90.29 96.86 92.43 90.98 55.23
46.03 40.25 31.73 38.54 18.13 48.21 102.72 30.27 29.07 19.61 48.34 4.50 3.62 3.07 71.26 5.42 16.50 0.00 78.49 71.34 37.06 47.52 39.79 84.48 80.77 74.22 72.16 111.09 105.44 99.87 32.39 89.71 84.82 93.81 98.62 97.41 105.89 38.18 11.77 13.75 16.50 15.69 85.90 100.45 89.77 102.82 35.91 12.75 12.21 61.54 51.01 63.71 71.45 44.19 82.01 87.51 91.24 102.25 89.87 92.60 67.92 81.09 40.71 74.49 85.10 92.84 104.27 93.05 93.34 42.19 47.34 40.33 101.06 81.56 104.48 58.08 50.32 57.47 55.24 53.85 75.73 86.37 98.11 89.83 93.76 74.49 81.72 76.25 107.03 70.19
65.26 42.03 46.95 116.94 79.95 98.59 25.57 58.34 73.23 68.66 72.84 74.20 77.54 79.99 26.43 75.19 63.00 78.49 0.00 25.89 63.07 73.55 70.62 24.67 159.03 150.78 150.37 70.90 45.19 21.66 78.29 67.94 6.51 171.77 171.26 175.49 183.35 80.92 67.61 65.47 63.00 63.66 159.38 171.34 167.98 180.75 78.38 67.25 86.85 37.32 80.71 131.38 136.73 80.53 4.04 9.03 169.27 180.52 168.35 170.98 145.67 146.87 76.30 17.15 48.08 160.04 172.09 171.53 167.49 74.70 88.67 89.74 29.28 20.92 32.40 127.32 128.37 135.38 132.14 131.65 137.88 159.30 171.30 168.05 171.94 152.98 159.86 149.32 29.96 9.73
44.35 31.11 41.34 109.10 78.63 79.05 37.63 61.24 76.12 68.11 82.08 66.85 69.30 71.89 0.54 66.80 54.85 71.34 25.89 0.00 69.15 82.45 77.31 49.80 148.44 145.56 142.69 50.60 34.59 37.82 81.80 42.76 27.91 160.31 169.26 164.19 170.88 62.22 59.58 57.60 54.85 55.67 156.74 170.44 160.16 169.09 60.19 58.70 76.55 13.91 89.73 131.57 138.12 87.48 29.30 31.16 157.95 169.67 159.19 162.58 138.95 148.27 82.72 8.98 24.27 160.99 172.88 161.82 164.40 81.77 68.26 93.97 54.44 11.70 34.72 126.67 121.27 128.46 120.12 120.73 140.62 157.03 168.92 160.19 164.17 143.71 148.93 146.88 41.14 28.31
67.64 44.52 33.24 66.41 24.72 82.72 88.53 10.15 12.39 17.46 14.71 35.73 39.29 40.09 69.35 38.66 35.12 37.06 63.07 69.15 0.00 14.58 8.17 58.38 109.73 93.34 96.52 118.15 102.52 83.98 15.94 102.49 69.41 123.39 110.04 126.57 136.35 68.74 35.48 34.71 35.12 34.80 98.89 109.41 113.43 132.27 65.83 36.63 49.26 66.09 21.32 69.36 74.04 18.34 65.32 71.01 120.74 130.50 115.95 117.20 90.57 84.11 13.64 67.64 90.54 97.35 109.38 119.89 107.22 12.64 78.91 26.70 76.64 75.37 94.68 65.98 75.19 81.31 88.33 85.49 74.86 98.51 110.37 113.57 117.15 101.63 111.17 88.89 92.88 53.35
81.98 59.02 47.82 70.26 31.42 94.97 98.48 24.64 18.53 28.72 1.22 47.21 50.34 50.58 82.69 50.22 48.71 47.52 73.55 82.45 14.58 0.00 7.94 64.50 112.30 91.92 97.25 132.06 115.05 93.50 17.05 116.94 79.61 126.01 104.95 128.89 139.26 81.98 48.36 47.92 48.71 48.29 94.77 103.41 113.31 134.65 79.16 49.64 59.34 80.26 7.31 64.05 67.25 8.81 75.27 80.78 123.36 132.26 116.91 117.41 90.78 76.91 8.05 80.15 104.48 90.12 102.00 121.13 103.15 5.79 92.05 21.11 82.78 87.79 105.78 61.83 77.15 82.48 93.83 90.22 66.75 94.08 105.59 113.48 116.81 103.50 113.96 85.06 102.73 63.90
74.40 52.35 40.89 64.72 24.42 87.07 95.96 17.51 11.14 20.80 8.60 39.34 42.53 42.86 77.52 42.35 40.86 39.79 70.62 77.31 8.17 7.94 0.00 64.25 107.44 88.93 93.20 126.28 110.61 91.27 11.42 110.35 76.89 121.16 104.03 124.17 134.30 74.06 40.43 40.01 40.86 40.42 93.26 103.04 109.71 129.91 71.24 41.72 51.73 74.15 13.63 63.14 67.28 10.20 72.71 78.36 118.50 127.80 112.80 113.66 86.96 77.24 5.68 75.72 98.66 90.50 102.50 116.89 101.64 4.48 84.12 19.79 82.60 83.44 102.46 60.21 72.46 78.17 87.72 84.40 67.66 92.75 104.49 109.87 113.33 98.94 109.00 83.36 100.29 60.90
83.63 56.30 56.26 121.14 80.47 114.32 40.11 57.68 70.42 69.73 63.50 80.79 84.59 86.69 50.33 82.59 71.58 84.48 24.67 49.80 58.38 64.50 64.25 0.00 164.52 151.33 153.29 95.21 67.73 34.17 74.29 92.38 26.43 177.86 168.24 181.34 190.22 96.63 75.51 73.49 71.58 72.02 157.24 167.28 170.60 186.87 93.79 75.62 94.95 59.32 70.85 127.38 131.39 72.82 22.58 25.06 175.25 185.85 172.27 174.10 147.79 141.22 69.56 41.52 72.72 154.47 166.41 175.90 165.58 67.45 105.55 84.02 18.35 45.53 51.36 124.27 131.42 138.02 139.71 138.20 131.23 156.82 168.64 170.72 174.43 157.34 165.66 147.26 43.55 22.53
109.98 118.68 112.07 43.54 85.23 82.23 182.60 107.38 97.55 95.15 113.50 84.92 81.49 79.07 148.24 83.83 96.06 80.77 159.03 148.44 109.73 112.30 107.44 164.52 0.00 33.35 19.36 177.29 180.33 180.16 96.05 152.48 165.26 13.72 57.80 16.87 26.99 91.80 91.42 93.56 96.06 95.38 49.72 64.56 20.92 22.54 92.45 91.83 72.45 136.27 110.77 64.49 70.37 104.32 162.64 168.06 11.06 21.50 13.78 19.57 26.13 71.20 104.36 153.21 155.87 71.63 75.33 14.27 49.58 106.77 92.20 92.59 181.59 159.61 182.90 61.22 35.16 30.63 28.99 27.71 77.62 51.91 55.50 20.69 23.59 9.95 2.33 49.43 186.82 150.93
114.09 114.48 105.34 37.82 71.30 94.52 175.83 93.98 81.05 82.50 93.13 78.72 76.34 73.75 145.48 78.84 90.73 74.22 150.78 145.56 93.34 91.92 88.93 151.33 33.35 0.00 14.60 182.29 179.51 172.43 77.83 158.82 157.27 43.84 29.81 44.93 56.37 98.36 85.99 87.97 90.73 89.91 18.33 35.11 22.72 50.18 97.96 86.87 70.61 135.30 88.62 33.78 38.14 83.23 153.95 159.64 41.71 45.70 29.27 27.37 10.43 37.91 84.63 148.53 157.85 38.89 44.51 33.96 22.13 87.05 102.12 70.88 169.35 155.72 178.47 32.37 25.57 18.86 44.07 38.63 45.09 20.24 28.19 22.97 25.61 24.14 35.68 16.07 180.20 141.72
107.98 111.94 103.87 33.67 72.87 85.02 174.86 95.62 84.14 83.60 98.46 76.59 73.67 71.10 142.55 76.14 88.41 72.16 150.37 142.69 96.52 97.25 93.20 153.29 19.36 14.60 0.00 176.26 175.91 171.89 81.81 152.15 156.78 31.36 42.61 33.24 44.55 91.07 83.64 85.72 88.41 87.64 32.42 48.64 17.61 38.89 91.08 84.32 66.28 131.52 94.92 45.31 51.02 88.88 153.77 159.36 28.95 35.49 19.66 20.81 7.07 52.03 89.52 146.47 152.96 53.49 58.64 23.98 34.41 91.96 93.59 76.75 170.93 153.35 176.45 42.42 22.04 15.28 32.00 27.35 58.26 34.47 40.62 17.68 21.60 9.67 21.66 30.49 179.18 141.71
68.32 75.11 86.84 144.48 122.96 96.48 63.37 109.31 123.35 113.78 131.80 106.94 108.11 110.53 50.25 105.79 95.91 111.09 70.90 50.60 118.15 132.06 126.28 95.21 177.29 182.29 176.26 0.00 31.39 68.09 129.12 25.20 68.95 187.06 208.97 191.06 195.31 85.61 100.00 98.50 95.91 96.75 196.10 211.28 192.77 195.09 85.29 98.74 111.89 52.35 139.24 174.58 181.98 136.27 72.63 70.94 185.08 197.07 189.81 194.23 174.05 191.86 131.41 55.92 27.62 203.87 215.35 191.47 203.03 130.76 85.63 141.21 92.48 50.08 50.99 169.09 156.80 163.82 148.37 150.76 185.50 196.78 208.22 192.73 196.70 174.92 177.18 186.78 63.36 76.95
71.51 65.45 75.93 142.56 113.22 105.12 32.30 95.25 110.30 102.65 114.54 100.96 103.18 105.76 34.57 100.69 89.01 105.44 45.19 34.59 102.52 115.05 110.61 67.73 180.33 179.51 175.91 31.39 0.00 37.43 115.92 43.50 41.47 191.58 203.71 195.53 201.41 90.31 93.67 91.77 89.01 89.85 191.13 204.98 193.22 200.16 88.96 92.71 109.64 44.39 122.36 166.16 172.68 120.81 45.76 42.68 189.34 201.23 191.69 195.40 172.53 182.84 116.16 34.92 27.13 195.57 207.47 194.05 198.72 115.00 93.82 128.03 62.26 27.26 19.67 161.26 154.85 162.05 151.55 152.76 175.07 191.47 203.33 193.23 197.23 176.29 180.63 181.31 32.00 53.35
81.76 62.06 68.19 138.39 101.58 116.19 6.00 79.80 94.56 90.29 92.69 95.53 98.77 101.25 38.29 96.38 84.11 99.87 21.66 37.82 83.98 93.50 91.27 34.17 180.16 172.43 171.89 68.09 37.43 0.00 99.47 72.93 15.16 192.76 192.80 196.52 204.12 98.89 88.79 86.66 84.11 84.81 180.97 192.77 189.50 201.71 96.60 88.34 107.79 51.61 100.48 152.76 157.92 100.94 18.75 13.01 190.28 201.64 189.73 192.45 167.25 168.03 96.91 29.73 52.42 181.24 193.29 192.83 189.10 95.17 105.66 110.68 24.93 27.02 18.46 148.80 149.90 156.94 152.91 152.67 158.83 180.88 192.87 189.57 193.47 174.31 180.93 170.91 9.52 31.00
72.37 54.07 42.32 53.48 14.91 80.57 103.84 20.68 5.77 16.59 18.16 33.08 35.61 35.36 81.94 36.03 37.79 32.39 78.29 81.80 15.94 17.05 11.42 74.29 96.05 77.83 81.81 129.12 115.92 99.47 0.00 111.41 84.71 109.76 94.12 112.77 122.92 69.22 36.07 36.25 37.79 37.17 82.96 93.57 98.40 118.51 66.60 37.49 43.57 76.78 18.83 53.50 58.46 11.82 80.74 86.46 107.11 116.38 101.40 102.31 75.62 68.59 9.12 81.36 101.59 81.78 93.83 105.48 91.30 11.26 78.94 12.18 92.57 89.11 109.38 50.05 61.05 66.76 76.82 73.31 59.74 82.57 94.44 98.56 102.05 87.52 97.63 72.97 108.21 68.61
44.86 58.00 69.55 121.03 103.35 71.31 69.81 92.88 105.72 95.27 116.88 85.84 86.49 88.76 42.25 84.31 75.71 89.71 67.94 42.76 102.49 116.94 110.35 92.38 152.48 158.82 152.15 25.20 43.50 72.93 111.41 0.00 68.35 162.04 186.19 166.04 170.15 61.13 79.32 78.09 75.71 76.51 173.29 188.89 168.40 170.00 61.09 77.96 89.04 37.68 123.82 153.40 161.14 119.89 70.84 71.17 160.09 172.08 165.16 169.71 150.25 170.80 115.02 50.87 20.59 182.37 193.59 166.70 179.95 114.75 60.55 123.18 94.58 48.15 59.77 147.69 133.26 140.17 123.64 126.24 165.20 174.09 185.31 168.34 172.29 150.41 152.31 164.22 71.37 71.04
69.64 47.72 53.21 123.31 86.46 103.46 19.13 64.82 79.69 75.17 78.87 80.51 83.81 86.27 28.45 81.44 69.20 84.82 6.51 27.91 69.41 79.61 76.89 26.43 165.26 157.27 156.78 68.95 41.47 15.16 84.71 68.35 0.00 177.95 177.76 181.68 189.44 85.89 73.85 71.71 69.20 69.88 165.89 177.83 174.38 186.91 83.44 73.44 92.99 40.60 86.73 137.85 143.16 86.73 4.56 3.35 175.45 186.75 174.69 177.36 152.11 153.30 82.56 18.94 48.00 166.47 178.52 177.83 174.00 80.92 93.30 96.10 26.62 20.25 26.91 133.81 134.78 141.81 138.22 137.83 144.25 165.81 177.81 174.46 178.35 159.30 166.06 155.83 23.51 16.09
120.62 131.00 124.85 57.10 98.85 90.98 195.04 120.88 111.24 108.65 127.21 97.87 94.34 91.98 160.08 96.64 108.77 93.81 171.77 160.31 123.39 126.01 121.16 177.86 13.72 43.84 31.36 187.06 191.58 192.76 109.76 162.04 177.95 0.00 63.89 4.00 13.39 102.11 104.19 106.33 108.77 108.12 58.01 71.02 25.14 9.01 103.02 104.53 84.97 147.83 124.43 76.57 81.82 118.01 175.44 180.80 2.66 10.13 16.12 21.36 38.41 81.54 118.07 165.39 166.59 80.25 82.23 12.41 56.07 120.48 101.49 106.24 194.80 171.62 194.91 73.78 48.86 44.10 40.19 40.12 88.89 60.25 61.43 24.82 25.77 22.95 12.25 59.60 199.21 163.84
141.33 138.26 128.10 65.72 91.59 123.92 196.75 113.01 98.54 102.79 106.09 103.02 101.26 98.75 169.24 103.69 114.83 98.62 171.26 169.26 110.04 104.95 104.03 168.24 57.80 29.81 42.61 208.97 203.71 192.80 94.12 186.19 177.76 63.89 0.00 63.26 73.59 126.60 110.27 112.08 114.83 113.99 12.90 7.25 38.77 67.02 125.93 111.34 97.18 160.13 99.95 40.94 38.59 96.19 174.06 179.81 62.59 61.18 47.81 42.67 40.17 30.84 98.88 171.20 183.61 21.22 18.60 51.62 8.28 101.12 131.05 84.38 186.58 178.68 200.75 44.11 54.15 48.13 73.77 68.42 41.98 12.26 2.50 39.08 38.46 50.73 59.95 22.40 201.15 161.79
124.60 134.81 128.55 60.41 102.10 94.97 198.83 124.24 114.37 112.02 130.10 101.51 98.02 95.64 163.97 100.32 112.49 97.41 175.49 164.19 126.57 128.89 124.17 181.34 16.87 44.93 33.24 191.06 195.53 196.52 112.77 166.04 181.68 4.00 63.26 0.00 11.46 106.10 107.89 110.03 112.49 111.83 58.15 70.46 24.81 5.77 107.00 108.24 88.73 151.75 127.15 78.13 83.05 120.81 179.14 184.51 6.25 6.21 16.12 20.60 40.31 82.28 120.98 169.23 170.57 80.35 81.74 11.75 55.64 123.40 105.49 108.94 198.35 175.49 198.78 75.60 51.75 46.67 44.09 43.85 90.01 60.38 60.78 24.50 24.82 25.47 15.70 60.40 203.01 167.51
130.05 142.15 136.53 69.96 111.73 98.84 206.19 133.55 124.26 121.32 140.46 109.83 106.21 103.92 170.63 108.44 120.43 105.89 183.35 170.88 136.35 139.26 134.30 190.22 26.99 56.37 44.55 195.31 201.41 204.12 122.92 170.15 189.44 13.39 73.59 11.46 0.00 111.32 115.93 118.06 120.43 119.81 69.21 80.83 35.77 6.58 112.49 116.19 96.52 158.09 137.76 89.56 94.50 131.31 187.07 192.35 16.00 12.50 27.40 31.30 51.62 93.63 131.30 176.31 175.91 91.34 92.17 22.84 66.23 133.70 109.73 119.58 206.95 182.32 205.57 86.96 62.15 57.48 51.22 52.04 101.45 71.43 71.10 35.46 35.23 36.34 25.30 71.79 210.31 175.63
18.81 40.35 42.79 60.90 56.03 17.77 99.57 59.14 64.79 53.55 82.53 36.33 34.58 35.83 61.86 33.53 33.65 38.18 80.92 62.22 68.74 81.98 74.06 96.63 91.80 98.36 91.07 85.61 90.31 98.89 69.22 61.13 85.89 102.11 126.60 106.10 111.32 0.00 33.64 34.10 33.65 33.94 113.74 129.93 107.27 110.44 3.03 32.34 31.80 48.51 86.84 97.60 105.97 80.59 84.95 89.18 100.00 111.99 104.20 108.64 89.43 114.84 76.46 69.29 64.60 125.23 135.77 105.93 119.92 77.42 10.22 78.32 109.11 73.92 96.51 91.55 72.83 79.55 62.83 65.16 111.21 114.75 125.52 107.22 111.17 89.33 91.79 105.20 103.26 76.09
37.06 28.50 20.66 49.97 24.61 47.30 91.44 26.47 31.31 19.96 48.94 7.29 10.01 12.55 59.49 7.59 4.78 11.77 67.61 59.58 35.48 48.36 40.43 75.51 91.42 85.99 83.64 100.00 93.67 88.79 36.07 79.32 73.85 104.19 110.27 107.89 115.93 33.64 0.00 2.14 4.78 4.01 97.59 111.96 101.22 113.18 30.86 1.45 19.55 49.87 53.24 74.59 82.06 47.14 71.25 76.64 101.67 112.91 101.01 103.94 79.56 91.88 42.89 62.86 73.68 103.91 115.47 104.05 105.08 43.79 43.69 46.25 91.39 69.86 92.85 69.13 61.92 69.09 64.84 64.08 85.90 98.01 109.79 101.27 105.22 85.57 92.25 87.88 95.71 59.70
36.40 26.50 18.52 52.06 25.47 48.31 89.31 25.42 31.29 19.87 48.45 9.25 12.13 14.65 57.53 9.73 2.76 13.75 65.47 57.60 34.71 47.92 40.01 73.49 93.56 87.97 85.72 98.50 91.77 86.66 36.25 78.09 71.71 106.33 112.08 110.03 118.06 34.10 2.14 0.00 2.76 1.94 99.42 113.70 103.32 115.32 31.25 2.25 21.65 48.08 53.02 76.11 83.49 47.09 69.12 74.50 103.81 115.05 103.14 106.05 81.61 93.37 42.73 60.80 72.04 105.48 117.08 106.18 106.95 43.51 44.23 46.76 89.31 67.83 90.79 70.71 63.98 71.15 66.96 66.21 87.22 99.82 111.63 103.37 107.32 87.70 94.38 89.68 93.59 57.57
34.60 23.75 16.10 54.74 27.69 48.56 86.71 25.50 32.65 21.25 49.18 12.00 14.76 17.31 54.77 12.31 0.00 16.50 63.00 54.85 35.12 48.71 40.86 71.58 96.06 90.73 88.41 95.91 89.01 84.11 37.79 75.71 69.20 108.77 114.83 112.49 120.43 33.65 4.78 2.76 0.00 0.85 102.18 116.42 105.99 117.75 30.72 4.25 23.93 45.35 54.08 78.74 86.07 48.35 66.68 72.03 106.26 117.55 105.75 108.70 84.33 95.97 43.87 58.09 69.38 108.13 119.75 108.76 109.71 44.53 43.86 48.61 87.17 65.09 88.08 73.37 66.69 73.86 69.28 68.65 89.72 102.57 114.38 106.04 109.99 90.29 96.86 92.43 90.98 55.23
35.26 24.57 16.73 53.97 26.91 48.64 87.43 25.27 32.07 20.66 48.77 11.19 14.02 16.56 55.59 11.59 0.85 15.69 63.66 55.67 34.80 48.29 40.42 72.02 95.38 89.91 87.64 96.75 89.85 84.81 37.17 76.51 69.88 108.12 113.99 111.83 119.81 33.94 4.01 1.94 0.85 0.00 101.34 115.57 105.23 117.10 31.03 3.64 23.33 46.20 53.58 77.90 85.24 47.80 67.32 72.69 105.61 116.87 105.02 107.95 83.54 95.13 43.36 58.87 70.22 107.28 118.91 108.05 108.88 44.04 44.13 47.92 87.70 65.89 88.86 72.53 65.91 73.08 68.67 68.00 88.89 101.73 113.54 105.28 109.23 89.57 96.19 91.59 91.71 55.83
128.43 125.69 115.68 52.89 79.50 111.35 184.80 101.31 87.11 90.77 95.94 90.32 88.49 85.97 156.70 90.93 102.18 85.90 159.38 156.74 98.89 94.77 93.26 157.24 49.72 18.33 32.42 196.10 191.13 180.97 82.96 173.29 165.89 58.01 12.90 58.15 69.21 113.74 97.59 99.42 102.18 101.34 0.00 16.96 33.44 62.68 113.05 98.64 84.29 147.44 90.25 31.02 30.95 85.96 162.27 168.01 56.30 57.29 42.06 37.99 28.73 26.06 88.31 158.87 170.81 22.23 26.24 46.44 8.39 90.61 118.31 73.87 175.53 166.30 188.51 33.06 41.49 35.75 62.28 56.72 36.14 2.24 12.21 33.75 34.46 41.44 52.00 10.07 189.20 149.99
144.08 139.60 129.14 69.30 92.19 128.11 196.89 113.00 98.25 103.26 104.52 104.77 103.26 100.80 170.44 105.64 116.42 100.45 171.34 170.44 109.41 103.41 103.04 167.28 64.56 35.11 48.64 211.28 204.98 192.77 93.57 188.89 177.83 71.02 7.25 70.46 80.83 129.93 111.96 113.70 116.42 115.57 16.96 0.00 45.89 74.26 129.12 113.09 99.86 161.77 98.06 40.07 36.25 94.75 174.02 179.77 69.67 68.43 54.92 49.86 45.54 27.34 97.73 172.01 185.55 15.78 11.35 58.80 15.04 99.90 134.83 83.27 185.64 179.57 201.33 44.09 58.23 52.68 79.16 73.65 38.47 15.46 9.75 46.20 45.68 57.13 66.75 24.75 201.29 161.79
124.63 129.48 121.48 51.26 90.13 99.80 192.48 112.93 101.04 100.99 114.53 94.19 91.24 88.68 160.01 93.72 105.99 89.77 167.98 160.16 113.43 113.31 109.71 170.60 20.92 22.72 17.61 192.77 193.22 189.50 98.40 168.40 174.38 25.14 38.77 24.81 35.77 107.27 101.22 103.32 105.99 105.23 33.44 45.89 0.00 29.24 107.48 101.89 83.66 148.84 110.47 56.42 60.16 104.76 171.36 176.96 23.83 23.98 9.04 4.76 22.86 58.25 105.76 164.04 169.94 55.58 57.10 13.06 30.94 108.20 109.02 92.47 188.33 170.89 194.01 55.05 39.62 32.70 45.69 42.27 66.76 35.66 36.33 0.31 4.01 18.28 22.69 36.72 196.79 159.29
129.05 139.90 133.83 66.04 107.76 98.78 203.95 129.85 120.08 117.62 135.86 106.87 103.34 100.99 168.86 105.63 117.75 102.82 180.75 169.09 132.27 134.65 129.91 186.87 22.54 50.18 38.89 195.09 200.16 201.71 118.51 170.00 186.91 9.01 67.02 5.77 6.58 110.44 113.18 115.32 117.75 117.10 62.68 74.26 29.24 0.00 111.44 113.51 93.93 156.52 132.91 83.58 88.32 126.58 184.42 189.77 11.61 6.09 21.03 24.74 45.94 87.24 126.74 174.25 175.00 84.78 85.60 16.40 59.65 129.16 109.46 114.71 203.81 180.43 203.72 81.17 57.51 52.43 48.99 49.10 95.21 64.90 64.53 28.93 28.66 31.24 21.22 65.44 208.11 172.84
17.61 37.55 39.77 60.32 53.61 20.53 97.40 56.20 62.09 50.80 79.70 33.84 32.30 33.67 59.86 31.11 30.72 35.91 78.38 60.19 65.83 79.16 71.24 93.79 92.45 97.96 91.08 85.29 88.96 96.60 66.60 61.09 83.44 103.02 125.93 107.00 112.49 3.03 30.86 31.25 30.72 31.03 113.05 129.12 107.48 111.44 0.00 29.54 30.27 46.61 84.10 96.20 104.51 77.91 82.41 86.71 100.87 112.84 104.65 108.98 89.21 113.50 73.73 67.08 63.58 124.08 134.74 106.51 119.38 74.65 13.22 75.89 106.43 71.89 94.64 90.18 72.39 79.21 63.46 65.53 109.62 114.01 124.91 107.44 111.41 89.66 92.51 104.37 101.15 73.39
35.62 27.69 20.34 50.65 26.05 46.24 90.91 27.49 32.70 21.32 50.20 8.33 10.66 13.23 58.61 8.17 4.25 12.75 67.25 58.70 36.63 49.64 41.72 75.62 91.83 86.87 84.32 98.74 92.71 88.34 37.49 77.96 73.44 104.53 111.34 108.24 116.19 32.34 1.45 2.25 4.25 3.64 98.64 113.09 101.89 113.51 29.54 0.00 19.69 48.80 54.59 75.85 83.36 48.52 70.92 76.27 102.02 113.31 101.56 104.56 80.33 93.16 44.25 62.16 72.50 105.14 116.68 104.55 106.09 45.12 42.42 47.70 91.34 69.09 92.14 70.36 62.67 69.85 65.04 64.41 87.24 99.09 110.84 101.93 105.89 86.10 92.62 88.96 95.17 59.46
44.22 46.27 40.03 33.04 28.75 38.21 110.15 42.34 40.81 31.81 60.21 14.56 10.65 9.23 76.40 12.38 23.93 12.21 86.85 76.55 49.26 59.34 51.73 94.95 72.45 70.61 66.28 111.89 109.64 107.79 43.57 89.04 92.99 84.97 97.18 88.73 96.52 31.80 19.55 21.65 23.93 23.33 84.29 99.86 83.66 93.93 30.27 19.69 0.00 65.25 62.38 65.94 74.24 55.39 90.56 95.86 82.49 93.90 82.69 86.03 63.01 83.26 52.24 80.86 87.26 94.05 104.92 85.47 91.14 53.87 39.51 50.02 110.95 87.46 110.70 59.94 45.40 52.57 45.35 44.88 79.41 85.06 96.37 83.68 87.67 67.21 73.16 75.17 114.37 79.15
30.46 22.93 34.56 98.20 71.30 65.19 51.54 57.01 71.01 61.65 80.09 57.12 59.08 61.64 13.50 56.60 45.35 61.54 37.32 13.91 66.09 80.26 74.15 59.32 136.27 135.30 131.52 52.35 44.39 51.61 76.78 37.68 40.60 147.83 160.13 151.75 158.09 48.51 49.87 48.08 45.35 46.20 147.44 161.77 148.84 156.52 46.61 48.80 65.25 0.00 87.33 123.78 130.80 84.05 41.14 43.94 145.52 157.33 147.42 151.05 128.17 140.84 79.18 22.06 24.83 153.22 164.95 149.87 154.86 78.62 54.35 88.89 66.56 25.52 48.03 118.56 110.50 117.70 107.67 108.62 133.90 147.88 159.64 148.85 152.85 131.99 136.65 137.74 55.02 36.82
87.93 65.83 54.46 69.80 33.74 99.03 105.53 31.11 22.17 33.30 7.88 51.27 54.08 54.02 89.97 54.27 54.08 51.01 80.71 89.73 21.32 7.31 13.63 70.85 110.77 88.62 94.92 139.24 122.36 100.48 18.83 123.82 86.73 124.43 99.95 127.15 137.76 86.84 53.24 53.02 54.08 53.58 90.25 98.06 110.47 132.91 84.10 54.59 62.38 87.33 0.00 59.29 61.81 7.18 82.36 87.83 121.79 130.23 114.56 114.71 88.26 71.22 10.41 87.46 111.65 84.36 96.12 118.90 98.60 9.56 96.78 18.21 89.02 95.11 112.99 57.62 75.64 80.51 93.93 89.96 60.79 89.42 100.72 110.66 113.85 101.68 112.53 80.74 109.76 71.09
109.25 101.16 90.25 42.51 52.95 99.89 156.94 73.05 58.21 63.75 65.21 67.71 66.91 64.67 131.61 69.10 78.74 63.71 131.38 131.57 69.36 64.05 63.14 127.38 64.49 33.78 45.31 174.58 166.16 152.76 53.50 153.40 137.85 76.57 40.94 78.13 89.56 97.60 74.59 76.11 78.74 77.90 31.02 40.07 56.42 83.58 96.20 75.85 65.94 123.78 59.29 0.00 8.65 55.28 134.01 139.75 74.22 79.37 62.89 61.11 38.37 17.42 57.95 132.64 148.09 29.46 41.30 67.58 39.34 60.18 104.30 43.44 145.73 140.27 161.68 6.15 37.04 36.51 62.72 56.83 15.43 30.13 41.53 56.68 59.04 54.55 66.72 21.92 161.34 121.79
117.23 108.04 96.91 51.10 59.60 108.51 162.29 78.61 63.53 70.04 68.34 75.33 74.74 72.57 138.18 76.86 86.07 71.45 136.73 138.12 74.04 67.25 67.28 131.39 70.37 38.14 51.02 181.98 172.68 157.92 58.46 161.14 143.16 81.82 38.59 83.05 94.50 105.97 82.06 83.49 86.07 85.24 30.95 36.25 60.16 88.32 104.51 83.36 74.24 130.80 61.81 8.65 0.00 58.66 139.19 144.92 79.59 83.73 67.36 64.91 44.33 10.19 61.85 138.80 155.28 23.32 35.37 72.05 38.77 63.94 112.80 47.51 149.74 146.49 167.51 14.78 45.09 43.87 70.74 64.81 7.40 29.53 39.67 60.44 62.35 60.53 72.66 23.72 166.66 127.07
82.62 61.95 50.34 62.92 26.68 92.33 105.75 27.09 15.83 27.22 10.00 44.69 47.35 47.16 87.68 47.67 48.35 44.19 80.53 87.48 18.34 8.81 10.20 72.82 104.32 83.23 88.88 136.27 120.81 100.94 11.82 119.89 86.73 118.01 96.19 120.81 131.31 80.59 47.14 47.09 48.35 47.80 85.96 94.75 104.76 126.58 77.91 48.52 55.39 84.05 7.18 55.28 58.66 0.00 82.49 88.09 115.37 124.04 108.54 108.91 82.33 68.42 4.88 85.91 108.65 81.66 93.59 112.81 94.35 5.85 90.43 12.36 91.15 93.63 112.50 53.01 69.16 74.26 86.92 83.04 58.45 85.28 96.81 104.94 108.23 95.37 106.04 76.25 110.05 70.81
69.28 45.97 50.59 120.40 82.95 102.62 23.26 61.06 75.81 71.65 74.51 77.76 81.15 83.57 29.84 78.82 66.68 82.01 4.04 29.30 65.32 75.27 72.71 22.58 162.64 153.95 153.77 72.63 45.76 18.75 80.74 70.84 4.56 175.44 174.06 179.14 187.07 84.95 71.25 69.12 66.68 67.32 162.27 174.02 171.36 184.42 82.41 70.92 90.56 41.14 82.36 134.01 139.19 82.49 0.00 5.75 172.92 184.14 171.85 174.41 148.98 149.32 78.37 20.40 50.73 162.51 174.56 175.06 170.41 76.69 92.70 92.02 25.42 23.15 31.46 130.05 131.75 138.73 135.88 135.32 140.18 162.16 174.14 171.44 175.32 156.50 163.49 152.20 27.58 12.28
72.98 50.82 55.98 125.95 88.68 106.76 17.70 66.81 81.55 77.38 80.00 83.23 86.57 89.02 31.69 84.22 72.03 87.51 9.03 31.16 71.01 80.78 78.36 25.06 168.06 159.64 159.36 70.94 42.68 13.01 86.46 71.17 3.35 180.80 179.81 184.51 192.35 89.18 76.64 74.50 72.03 72.69 168.01 179.77 176.96 189.77 86.71 76.27 95.86 43.94 87.83 139.75 144.92 88.09 5.75 0.00 178.29 189.55 177.37 179.98 154.61 155.04 84.01 22.20 50.73 168.24 180.29 180.55 176.15 82.30 96.62 97.72 23.55 23.02 26.89 135.80 137.35 144.35 141.14 140.68 145.87 167.90 179.89 177.04 180.92 162.00 168.88 157.95 21.96 18.03
118.47 128.56 122.33 54.46 96.20 89.13 192.58 118.25 108.58 106.02 124.56 95.32 91.81 89.44 157.73 94.11 106.26 91.24 169.27 157.95 120.74 123.36 118.50 175.25 11.06 41.71 28.95 185.08 189.34 190.28 107.11 160.09 175.45 2.66 62.59 6.25 16.00 100.00 101.67 103.81 106.26 105.61 56.30 69.67 23.83 11.61 100.87 102.02 82.49 145.52 121.79 74.22 79.59 115.37 172.92 178.29 0.00 12.00 14.80 20.39 35.98 79.50 115.42 162.98 164.44 78.53 80.82 11.66 54.67 117.83 99.56 103.60 192.22 169.24 192.53 71.34 46.21 41.49 37.85 37.62 86.69 58.53 60.15 23.53 24.85 20.38 9.61 57.56 196.76 161.31
130.44 140.08 133.57 64.73 106.19 101.08 204.05 128.54 118.22 116.33 133.47 106.41 102.99 100.57 169.46 105.33 117.55 102.25 180.52 169.67 130.50 132.26 127.80 185.85 21.50 45.70 35.49 197.07 201.23 201.64 116.38 172.08 186.75 10.13 61.18 6.21 12.50 111.99 112.91 115.05 117.55 116.87 57.29 68.43 23.98 6.09 112.84 113.31 93.90 157.33 130.23 79.37 83.73 124.04 184.14 189.55 12.00 0.00 16.47 19.32 42.43 82.21 124.42 174.57 176.40 79.28 79.78 11.79 53.94 126.85 111.54 112.03 203.00 180.91 204.21 77.28 55.37 49.79 49.68 49.06 90.50 59.50 58.68 23.67 22.99 28.88 20.76 60.56 208.25 172.42
122.06 128.90 121.54 51.49 92.03 95.44 192.45 114.67 103.59 102.55 118.12 94.20 91.01 88.50 159.01 93.43 105.75 89.87 168.35 159.19 115.95 116.91 112.80 172.27 13.78 29.27 19.66 189.81 191.69 189.73 101.40 165.16 174.69 16.12 47.81 16.12 27.40 104.20 101.01 103.14 105.75 105.02 42.06 54.92 9.04 21.03 104.65 101.56 82.69 147.42 114.56 62.89 67.36 108.54 171.85 177.37 14.80 16.47 0.00 6.02 26.35 66.23 109.17 163.51 167.75 64.28 66.11 4.70 39.95 111.61 105.15 96.40 189.74 170.15 193.39 60.85 40.90 34.66 41.56 39.16 74.21 44.30 45.37 8.73 10.40 15.49 15.04 44.41 196.72 159.92
126.27 132.06 124.33 54.06 93.67 100.45 195.32 116.42 104.81 104.41 118.63 97.00 93.94 91.40 162.42 96.40 108.70 92.60 170.98 162.58 117.20 117.41 113.66 174.10 19.57 27.37 20.81 194.23 195.40 192.45 102.31 169.71 177.36 21.36 42.67 20.60 31.30 108.64 103.94 106.05 108.70 107.95 37.99 49.86 4.76 24.74 108.98 104.56 86.03 151.05 114.71 61.11 64.91 108.91 174.41 179.98 20.39 19.32 6.02 0.00 26.69 62.97 109.80 166.66 171.79 60.05 61.15 8.98 35.06 112.25 109.96 96.65 191.73 173.42 196.60 59.63 42.79 36.08 46.37 43.48 71.52 40.20 40.20 4.47 4.47 19.32 20.97 41.48 199.62 162.39
105.73 108.01 99.50 29.98 67.32 84.74 170.39 90.12 78.19 78.24 92.00 72.40 69.68 67.10 138.84 72.18 84.33 67.92 145.67 138.95 90.57 90.78 86.96 147.79 26.13 10.43 7.07 174.05 172.53 167.25 75.62 150.25 152.11 38.41 40.17 40.31 51.62 89.43 79.56 81.61 84.33 83.54 28.73 45.54 22.86 45.94 89.21 80.33 63.01 128.17 88.26 38.37 44.33 82.33 148.98 154.61 35.98 42.43 26.35 26.69 0.00 45.97 83.14 142.40 150.16 48.59 54.83 30.81 32.32 85.58 92.70 70.13 165.56 149.42 172.39 35.37 17.69 10.49 33.64 28.26 51.64 30.58 38.46 23.00 26.65 16.22 28.39 25.03 174.73 136.85
126.67 118.11 107.03 57.99 69.70 116.48 172.43 88.79 73.70 80.21 77.98 85.06 84.32 82.09 148.32 86.49 95.97 81.09 146.87 148.27 84.11 76.91 77.24 141.22 71.20 37.91 52.03 191.86 182.84 168.03 68.59 170.80 153.30 81.54 30.84 82.28 93.63 114.84 91.88 93.37 95.97 95.13 26.06 27.34 58.25 87.24 113.50 93.16 83.26 140.84 71.22 17.42 10.19 68.42 149.32 155.04 79.50 82.21 66.23 62.97 45.97 0.00 71.76 148.99 165.26 13.26 25.28 70.84 32.78 73.80 121.31 57.50 159.56 156.67 177.69 23.32 50.33 47.76 75.49 69.53 11.18 24.16 32.34 58.55 59.85 61.70 73.52 21.94 176.80 137.20
77.99 57.08 45.47 62.21 23.84 88.65 101.63 22.21 11.77 22.93 9.21 40.87 43.73 43.74 82.91 43.88 43.87 40.71 76.30 82.72 13.64 8.05 5.68 69.56 104.36 84.63 89.52 131.41 116.16 96.91 9.12 115.02 82.56 118.07 98.88 120.98 131.30 76.46 42.89 42.73 43.87 43.36 88.31 97.73 105.76 126.74 73.73 44.25 52.24 79.18 10.41 57.95 61.85 4.88 78.37 84.01 115.42 124.42 109.17 109.80 83.14 71.76 0.00 81.28 103.79 85.02 97.00 113.35 96.69 2.44 86.38 14.50 87.92 89.01 108.13 55.25 69.23 74.66 85.79 82.17 62.07 87.73 99.40 105.93 109.31 95.62 106.00 78.47 105.95 66.57
52.03 34.62 43.26 112.80 79.83 86.49 30.36 60.68 75.82 68.89 79.66 70.01 72.81 75.38 9.52 70.33 58.09 74.49 17.15 8.98 67.64 80.15 75.72 41.52 153.21 148.53 146.47 55.92 34.92 29.73 81.36 50.87 18.94 165.39 171.20 169.23 176.31 69.29 62.86 60.80 58.09 58.87 158.87 172.01 164.04 174.25 67.08 62.16 80.86 22.06 87.46 132.64 138.80 85.91 20.40 22.20 162.98 174.57 163.51 166.66 142.40 148.99 81.28 0.00 31.35 161.90 173.88 166.33 166.70 80.10 75.93 93.40 45.46 7.75 29.99 128.01 124.78 131.94 125.27 125.52 140.84 159.03 170.99 164.08 168.05 148.03 153.81 148.90 34.23 21.12
45.97 47.72 59.39 120.25 95.93 78.53 49.54 81.70 95.83 86.45 104.24 80.80 82.35 84.86 23.83 79.94 69.38 85.10 48.08 24.27 90.54 104.48 98.66 72.72 155.87 157.85 152.96 27.62 27.13 52.42 101.59 20.59 48.00 166.59 183.61 170.57 175.91 64.60 73.68 72.04 69.38 70.22 170.81 185.55 169.94 175.00 63.58 72.50 87.26 24.83 111.65 148.09 155.28 108.65 50.73 50.73 164.44 176.40 167.75 171.79 150.16 165.26 103.79 31.35 0.00 177.50 189.12 169.82 178.02 103.14 67.22 113.72 74.06 27.75 40.33 142.75 132.63 139.76 126.91 128.61 158.55 171.36 183.00 169.93 173.92 152.52 156.00 161.27 51.39 52.24
137.93 130.62 119.68 66.36 82.36 125.55 185.60 101.88 86.83 93.04 91.19 96.94 95.94 93.62 161.03 98.19 108.13 92.84 160.04 160.99 97.35 90.12 90.50 154.47 71.63 38.89 53.49 203.87 195.57 181.24 81.78 182.37 166.47 80.25 21.22 80.35 91.34 125.23 103.91 105.48 108.13 107.28 22.23 15.78 55.58 84.78 124.08 105.14 94.05 153.22 84.36 29.46 23.32 81.66 162.51 168.24 78.53 79.28 64.28 60.05 48.59 13.26 85.02 161.90 177.50 0.00 12.05 68.62 26.01 87.06 131.14 70.76 172.80 169.56 190.74 34.78 57.01 52.98 80.81 74.95 23.72 20.00 23.32 55.89 56.32 62.91 73.94 23.73 189.98 150.38
148.99 142.41 131.55 75.97 94.25 135.20 197.65 113.92 98.88 105.00 103.05 108.44 107.29 104.93 172.91 109.59 119.75 104.27 172.09 172.88 109.38 102.00 102.50 166.41 75.33 44.51 58.64 215.35 207.47 193.29 93.83 193.59 178.52 82.23 18.60 81.74 92.17 135.77 115.47 117.08 119.75 118.91 26.24 11.35 57.10 85.60 134.74 116.68 104.92 164.95 96.12 41.30 35.37 93.59 174.56 180.29 80.82 79.78 66.11 61.15 54.83 25.28 97.00 173.88 189.12 12.05 0.00 70.06 26.16 99.02 141.28 82.78 184.73 181.53 202.76 46.39 65.73 60.86 88.14 82.45 35.34 24.27 21.10 57.41 56.99 67.50 77.55 31.57 202.03 162.43
124.00 131.73 124.64 54.88 95.82 96.49 195.45 118.37 107.55 106.21 122.35 97.33 94.06 91.57 161.63 96.46 108.76 93.05 171.53 161.82 119.89 121.13 116.89 175.90 14.27 33.96 23.98 191.47 194.05 192.83 105.48 166.70 177.83 12.41 51.62 11.75 22.84 105.93 104.05 106.18 108.76 108.05 46.44 58.80 13.06 16.40 106.51 104.55 85.47 149.87 118.90 67.58 72.05 112.81 175.06 180.55 11.66 11.79 4.70 8.98 30.81 70.84 113.35 166.33 169.82 68.62 70.06 0.00 43.93 115.79 106.46 100.72 193.27 172.88 196.15 65.50 44.72 38.72 43.11 41.29 78.88 48.66 49.16 12.75 13.36 18.61 14.83 49.05 199.71 163.20
135.11 133.32 123.48 59.05 87.56 116.61 192.88 109.50 95.40 98.84 104.33 97.79 95.82 93.27 164.36 98.28 109.71 93.34 167.49 164.40 107.22 103.15 101.64 165.58 49.58 22.13 34.41 203.03 198.72 189.10 91.30 179.95 174.00 56.07 8.28 55.64 66.23 119.92 105.08 106.95 109.71 108.88 8.39 15.04 30.94 59.65 119.38 106.09 91.14 154.86 98.60 39.34 38.77 94.35 170.41 176.15 54.67 53.94 39.95 35.06 32.32 32.78 96.69 166.70 178.02 26.01 26.16 43.93 0.00 99.00 124.03 82.25 183.86 174.10 196.42 41.44 47.16 40.82 65.80 60.55 43.42 9.30 6.21 31.26 31.00 42.45 51.75 18.33 197.27 158.13
78.39 56.75 45.25 64.55 25.72 89.94 99.95 21.88 13.12 23.90 6.91 42.14 45.12 45.24 81.98 45.15 44.53 42.19 74.70 81.77 12.64 5.79 4.48 67.45 106.77 87.05 91.96 130.76 115.00 95.17 11.26 114.75 80.92 120.48 101.12 123.40 133.70 77.42 43.79 43.51 44.53 44.04 90.61 99.90 108.20 129.16 74.65 45.12 53.87 78.62 9.56 60.18 63.94 5.85 76.69 82.30 117.83 126.85 111.61 112.25 85.58 73.80 2.44 80.10 103.14 87.06 99.02 115.79 99.00 0.00 87.40 16.76 85.80 87.81 106.65 57.57 71.65 77.10 88.05 84.48 64.00 90.01 101.66 108.37 111.75 98.05 108.40 80.80 104.26 64.98
