80
0.00 102.88 104.75 73.20 65.84 108.31 112.84 71.86 71.13 79.01 75.01 51.81 90.39 53.98 62.13 64.58 67.94 55.31 110.59 116.97 59.56 13.51 18.75 68.96 37.25 42.52 15.26 78.80 86.48 87.95 108.18 98.87 52.10 102.30 83.55 12.56 31.83 23.93 40.16 57.01 55.05 54.00 48.83 67.15 54.23 27.09 15.14 56.45 67.90 25.27 32.14 18.89 45.78 50.61 42.20 54.05 72.22 73.70 75.39 76.98 52.38 18.19 4.45 28.89 54.46 31.56 29.25 33.06 18.23 19.55 17.74 18.17 105.87 104.78 84.77 76.94 61.77 41.62 100.89 111.33
102.88 0.00 24.20 37.84 44.80 8.49 34.08 156.25 158.91 169.34 164.17 115.58 76.58 100.46 83.83 81.63 126.62 117.07 51.63 51.15 95.42 95.42 94.48 112.90 108.25 98.71 101.81 35.79 19.46 185.81 201.97 193.02 107.89 196.90 175.01 91.13 72.68 81.84 95.99 95.30 88.15 90.11 118.81 155.88 101.48 87.50 113.41 69.83 130.03 117.01 70.75 115.54 57.10 79.40 70.18 75.42 81.75 79.91 77.93 76.16 51.15 86.37 105.82 125.90 133.03 129.33 132.11 135.82 120.72 121.06 120.41 120.71 3.02 32.20 41.19 47.21 61.52 114.50 33.03 55.81
104.75 24.20 0.00 31.72 39.39 31.49 58.20 165.94 167.76 177.68 172.75 127.48 97.59 114.00 99.66 98.00 140.33 129.48 75.67 75.35 110.30 94.79 92.51 128.20 117.93 110.07 100.13 26.55 37.35 191.45 209.55 200.37 120.55 204.11 183.09 92.27 72.95 87.28 106.96 109.70 102.44 104.12 129.76 164.38 115.01 84.20 117.39 84.28 143.31 113.93 73.93 114.00 61.04 70.07 65.80 65.49 99.57 98.06 96.45 95.03 53.14 90.65 106.85 123.55 143.15 134.15 133.57 137.59 121.37 120.96 122.46 121.41 24.04 56.27 61.85 66.02 76.90 124.48 56.75 79.81
73.20 37.84 31.72 0.00 7.77 45.88 65.02 136.92 138.24 147.81 143.05 100.69 85.15 89.19 78.24 77.42 114.92 103.10 76.12 78.78 87.13 63.07 60.86 104.87 89.63 83.31 68.47 5.88 33.03 160.44 179.18 169.94 94.64 173.61 153.06 60.68 41.38 57.21 79.98 86.01 78.96 80.25 102.14 134.70 90.14 52.73 86.25 62.24 117.42 82.56 43.22 82.36 31.45 41.62 34.43 37.58 81.01 80.15 79.27 78.55 23.08 59.96 75.19 92.06 114.68 103.14 101.89 105.93 89.66 89.24 90.87 89.70 40.20 59.37 53.09 52.90 56.84 96.24 57.59 79.45
65.84 44.80 39.39 7.77 0.00 52.58 69.98 130.78 131.88 141.28 136.60 95.59 85.07 84.96 75.41 74.90 110.27 98.15 79.51 82.74 83.54 55.43 53.13 101.04 83.97 78.36 60.75 12.99 37.53 153.35 172.39 163.13 89.93 166.76 146.45 53.29 34.06 50.91 74.96 82.23 75.36 76.49 96.70 128.27 85.88 44.96 79.17 59.52 112.58 74.79 36.65 74.63 26.00 34.68 26.66 30.92 79.13 78.48 77.86 77.38 17.73 53.26 67.69 84.29 108.83 96.11 94.37 98.43 82.08 81.59 83.45 82.12 47.29 63.79 55.02 53.59 55.03 90.57 61.62 82.59
108.31 8.49 31.49 45.88 52.58 0.00 27.04 158.81 161.77 172.34 167.10 117.54 74.05 101.87 84.38 81.93 127.73 118.80 45.84 44.49 96.27 101.55 100.92 113.37 111.14 101.06 108.12 44.13 22.34 189.65 205.11 196.28 109.61 200.19 178.08 96.87 78.88 86.50 98.52 96.38 89.38 91.43 121.12 158.88 102.89 94.29 118.15 71.31 131.29 123.54 76.24 121.72 62.71 87.26 77.36 83.38 81.26 79.25 77.07 75.13 57.41 91.31 111.45 132.21 135.56 133.70 137.44 141.04 126.34 126.86 125.66 126.30 7.51 26.69 39.82 46.96 62.75 117.23 28.41 50.10
112.84 34.08 58.20 65.02 69.98 27.04 0.00 151.78 155.66 166.52 161.14 109.62 54.91 92.81 73.59 70.56 116.81 110.11 20.17 17.54 85.75 109.12 109.82 100.99 106.50 95.05 116.24 65.21 32.49 186.51 199.36 191.00 101.19 194.99 172.40 103.06 87.78 89.19 93.25 86.56 80.41 82.64 114.21 153.29 93.78 104.94 119.73 64.50 120.78 132.12 82.64 128.88 70.61 103.48 90.52 100.33 67.52 65.14 62.54 60.19 68.23 94.74 116.63 139.66 128.94 133.47 140.73 143.83 131.02 132.29 128.91 130.94 34.25 8.10 29.57 38.30 56.09 111.81 12.17 24.40
71.86 156.25 165.94 136.92 130.78 158.81 151.78 0.00 6.47 16.02 10.98 42.17 104.99 59.07 78.53 81.74 39.25 41.92 140.21 147.51 66.66 85.37 90.56 55.56 48.16 57.77 85.67 142.81 136.99 41.30 47.85 40.13 50.62 44.11 21.73 82.49 98.71 79.88 60.31 65.49 71.38 69.14 37.81 8.56 58.14 98.87 56.80 88.11 35.01 85.92 94.21 79.14 105.55 122.35 111.91 125.55 86.43 88.93 91.68 94.18 113.87 78.07 73.04 80.17 23.25 42.55 58.50 55.68 66.86 70.31 60.51 66.63 159.19 144.26 122.87 114.25 96.80 41.77 140.16 138.68
71.13 158.91 167.76 138.24 131.88 161.77 155.66 6.47 0.00 10.90 5.50 46.30 109.95 63.30 82.80 86.06 44.94 46.43 144.64 151.94 71.14 84.61 89.67 60.97 50.67 61.00 84.37 144.12 139.78 35.17 43.71 35.45 54.80 39.45 16.80 82.29 99.21 81.04 63.31 69.81 75.38 73.13 41.45 4.08 62.40 98.22 55.99 91.59 40.76 83.45 95.23 76.91 107.03 121.74 112.04 125.12 91.07 93.56 96.30 98.80 115.26 78.80 71.92 77.13 26.72 40.66 55.32 52.20 64.54 67.85 58.51 64.32 161.88 148.04 126.53 117.86 100.25 44.55 143.91 143.25
79.01 169.34 177.68 147.81 141.28 172.34 166.52 16.02 10.90 0.00 5.40 57.20 120.74 74.20 93.70 96.96 55.27 57.31 155.54 162.84 82.02 92.34 97.21 71.53 61.19 71.76 91.44 153.68 150.28 25.89 32.89 24.55 65.70 28.55 5.90 90.64 108.17 90.63 73.99 80.71 86.27 84.02 52.32 13.46 73.30 106.00 63.96 102.38 51.03 88.91 104.65 82.80 116.77 129.47 120.59 133.04 101.94 104.43 107.18 109.67 124.93 88.04 79.35 81.73 37.60 47.70 60.04 56.46 70.46 73.50 64.98 70.26 172.32 158.88 137.36 128.67 111.02 55.20 154.75 154.13
75.01 164.17 172.75 143.05 136.60 167.10 161.14 10.98 5.50 5.40 0.00 51.80 115.39 68.80 88.30 91.56 50.12 51.92 150.14 157.44 76.63 88.42 93.39 66.29 55.96 66.43 87.84 148.92 145.07 30.36 38.25 29.95 60.30 33.95 11.30 86.43 103.69 85.84 68.69 75.31 80.88 78.63 46.93 8.37 67.90 102.08 59.90 97.03 45.91 86.08 99.95 79.75 111.92 125.58 116.31 129.06 96.55 99.05 101.79 104.29 120.11 83.41 75.56 79.30 32.21 44.02 57.49 54.12 67.37 70.55 61.62 67.16 167.14 153.51 131.99 123.31 105.68 49.91 149.38 148.74
51.81 115.58 127.48 100.69 95.59 117.54 109.62 42.17 46.30 57.20 51.80 0.00 64.48 17.00 36.50 39.76 16.41 3.50 98.36 105.66 25.00 63.21 68.57 20.64 14.67 17.45 66.96 106.47 96.15 79.33 89.88 81.75 8.50 85.75 63.10 57.31 67.80 47.17 20.72 23.53 29.21 26.98 6.10 44.34 16.12 74.50 41.51 46.34 17.46 74.95 61.00 67.59 69.59 96.07 82.17 98.10 45.05 47.52 50.24 52.72 77.92 48.02 55.25 74.13 19.75 40.78 58.25 58.36 58.48 62.11 51.75 58.24 118.46 102.12 80.80 72.24 55.00 10.92 98.02 97.04
90.39 76.58 97.59 85.15 85.07 74.05 54.91 104.99 109.95 120.74 115.39 64.48 0.00 48.10 30.32 27.17 66.75 63.71 37.87 44.83 39.72 93.55 96.86 50.10 67.46 55.53 100.47 89.00 60.26 143.77 152.65 145.12 56.28 149.09 126.60 85.95 80.22 68.59 55.54 41.64 38.69 40.65 70.22 108.44 48.80 96.62 90.33 34.77 71.00 114.93 71.74 109.21 67.52 107.41 90.86 106.49 20.06 17.85 15.52 13.54 71.72 74.07 94.83 119.21 84.07 98.94 111.96 113.81 106.10 108.69 101.45 105.93 78.58 49.73 35.76 32.60 33.08 70.61 46.60 35.25
53.98 100.46 114.00 89.19 84.96 101.87 92.81 59.07 63.30 74.20 68.80 17.00 48.10 0.00 19.50 22.76 26.36 17.31 81.36 88.66 8.40 62.79 67.72 16.89 20.86 11.47 68.01 94.78 81.01 96.09 106.84 98.75 8.50 102.75 80.10 55.76 61.46 41.55 14.08 6.58 12.57 10.45 22.32 61.31 1.03 71.82 47.97 30.64 29.58 78.96 53.47 72.00 59.30 91.08 75.72 92.35 28.32 30.75 33.44 35.89 67.29 44.40 58.12 80.26 36.72 52.53 67.96 68.97 65.20 68.49 59.21 64.98 103.27 85.41 64.27 55.84 39.12 22.71 81.34 80.08
62.13 83.83 99.66 78.24 75.41 84.38 73.59 78.53 82.80 93.70 88.30 36.50 30.32 19.50 0.00 3.34 43.63 36.64 61.89 69.18 12.19 67.50 71.60 29.07 37.29 25.27 73.91 83.39 64.60 115.36 126.33 118.25 28.00 122.25 99.60 59.89 59.28 42.94 25.24 13.04 8.39 10.45 41.67 80.79 20.41 73.34 60.43 16.00 47.43 87.26 50.53 81.01 51.75 88.80 72.36 89.07 10.47 12.48 14.87 17.14 58.61 47.68 66.56 90.53 56.20 68.62 81.88 83.60 76.70 79.52 71.68 76.52 86.51 66.36 45.65 37.58 22.77 40.95 62.34 60.68
64.58 81.63 98.00 77.42 74.90 81.93 70.56 81.74 86.06 96.96 91.56 39.76 27.17 22.76 3.34 0.00 46.44 39.83 58.60 65.90 15.21 69.48 73.43 31.44 40.58 28.53 76.01 82.46 62.51 118.69 129.55 121.50 31.27 125.50 102.85 61.84 60.27 44.71 28.38 16.25 11.65 13.76 44.98 84.07 23.65 74.81 63.35 15.42 50.31 89.61 51.50 83.47 51.85 89.58 73.05 89.68 7.65 9.41 11.66 13.87 58.41 49.64 69.02 93.12 59.48 71.83 84.88 86.66 79.47 82.22 74.56 79.28 84.26 63.40 42.90 35.02 21.17 44.28 59.41 57.37
67.94 126.62 140.33 114.92 110.27 127.73 116.81 39.25 44.94 55.27 50.12 16.41 66.75 26.36 43.63 46.44 0.00 13.06 103.29 110.54 31.52 79.57 84.95 16.66 31.04 32.12 83.15 120.60 107.20 80.01 86.22 79.10 20.34 83.03 60.95 73.72 83.79 63.15 35.58 31.36 38.47 36.54 19.36 44.39 25.34 90.91 56.72 56.82 4.29 90.40 76.66 83.00 84.33 112.35 98.19 114.28 49.55 52.01 54.72 57.19 92.55 64.30 71.21 88.81 23.58 52.88 71.25 70.66 73.16 76.87 66.24 72.91 129.40 109.80 89.28 81.15 65.13 26.38 105.83 101.34
55.31 117.07 129.48 103.10 98.15 118.80 110.11 41.92 46.43 57.31 51.92 3.50 63.71 17.31 36.64 39.83 13.06 0.00 98.30 105.60 24.75 66.66 72.01 17.97 18.14 19.80 70.45 108.85 97.62 80.10 89.76 81.82 9.19 85.82 63.20 60.71 70.87 50.22 23.19 23.61 29.83 27.65 8.60 44.75 16.33 77.86 44.95 47.49 14.50 78.42 63.92 71.06 72.16 99.30 85.25 101.27 44.64 47.13 49.87 52.37 80.45 51.25 58.75 77.53 20.41 43.70 61.39 61.37 61.87 65.51 55.11 61.63 119.92 102.72 81.55 73.08 56.11 14.32 98.65 96.83
110.59 51.63 75.67 76.12 79.51 45.84 20.17 140.21 144.64 155.54 150.14 98.36 37.87 81.36 61.89 58.60 103.29 98.30 0.00 7.30 73.55 109.29 110.96 86.88 97.72 85.74 116.55 77.65 43.49 177.10 188.05 180.08 89.87 184.08 161.44 102.46 89.99 86.69 84.58 74.83 69.65 71.89 103.54 142.67 82.25 107.60 115.05 56.74 107.44 132.30 83.34 128.08 73.37 110.45 95.74 107.99 53.91 51.42 48.68 46.18 73.29 92.49 114.73 138.79 118.08 127.06 136.71 139.37 128.29 130.09 125.17 128.18 52.46 19.42 27.08 33.81 49.50 102.27 19.31 4.29
116.97 51.15 75.35 78.78 82.74 44.49 17.54 147.51 151.94 162.84 157.44 105.66 44.83 88.66 69.18 65.90 110.54 105.60 7.30 0.00 80.85 115.21 116.67 94.10 104.91 92.95 122.45 79.80 45.77 184.36 195.35 187.38 97.16 191.38 168.74 108.51 95.39 93.05 91.74 82.13 76.92 79.16 110.82 149.96 89.54 112.95 121.82 63.73 114.70 138.27 89.04 134.23 78.53 114.65 100.38 111.97 61.20 58.70 55.96 53.46 77.85 98.82 121.06 144.97 125.37 134.06 143.42 146.15 134.79 136.50 131.82 134.68 51.57 19.82 32.63 40.03 56.29 109.51 21.19 9.71
59.56 95.42 110.30 87.13 83.54 96.27 85.75 66.66 71.14 82.02 76.63 25.00 39.72 8.40 12.19 15.21 31.52 24.75 73.55 80.85 0.00 67.17 71.83 17.93 28.81 18.00 72.89 92.54 76.06 104.29 114.51 106.56 16.62 110.56 87.92 59.83 63.06 44.26 19.57 2.57 8.19 7.28 30.56 69.30 9.08 75.04 54.99 26.03 35.27 84.78 54.64 78.03 58.57 92.89 76.98 93.75 20.06 22.52 25.24 27.72 66.14 47.95 63.85 86.76 44.74 60.61 75.53 76.73 72.03 75.18 66.31 71.82 98.15 78.55 57.80 49.63 33.94 31.09 74.53 72.11
13.51 95.42 94.79 63.07 55.43 101.55 109.12 85.37 84.61 92.34 88.42 63.21 93.55 62.79 67.50 69.48 79.57 66.66 109.29 115.21 67.17 0.00 5.44 78.76 48.55 51.57 7.26 68.40 80.51 100.19 120.99 111.70 62.30 115.05 96.78 7.65 22.74 25.00 48.71 64.72 61.45 60.82 60.89 80.61 63.21 13.66 28.63 58.80 79.92 23.09 26.48 20.18 39.17 37.16 30.14 40.72 76.93 78.05 79.35 80.60 44.28 19.83 13.25 30.79 67.60 44.72 39.18 43.34 26.73 26.18 29.05 26.78 98.34 101.21 82.59 75.51 62.46 53.61 97.55 110.54
18.75 94.48 92.51 60.86 53.13 100.92 109.82 90.56 89.67 97.21 93.39 68.57 96.86 67.72 71.60 73.43 84.95 72.01 110.96 116.67 71.83 5.44 0.00 83.85 53.91 56.61 7.62 65.99 80.36 104.31 125.44 116.17 67.49 119.45 101.55 12.01 22.25 28.73 53.66 69.41 65.85 65.33 66.31 85.66 68.18 9.17 33.77 62.09 85.33 22.64 27.63 21.50 39.31 32.29 27.01 36.06 80.79 81.80 82.98 84.12 43.51 24.04 17.87 31.47 73.01 49.52 42.61 46.83 30.03 28.89 33.21 30.12 97.34 102.01 84.05 77.33 65.17 59.03 98.45 112.40
68.96 112.90 128.20 104.87 101.04 113.37 100.99 55.56 60.97 71.53 66.29 20.64 50.10 16.89 29.07 31.44 16.66 17.97 86.88 94.10 17.93 78.76 83.85 0.00 32.62 27.28 83.55 110.33 93.64 95.74 102.82 95.58 16.95 99.53 77.28 71.98 78.34 58.36 30.41 18.86 25.99 24.62 26.51 60.03 16.18 88.38 60.74 43.93 20.94 93.34 70.34 86.14 75.68 107.95 92.60 109.24 33.48 35.88 38.54 40.97 83.49 60.96 72.86 93.52 37.01 61.41 78.68 78.93 78.01 81.53 71.50 77.77 115.57 94.19 74.22 66.45 51.62 31.09 90.30 84.83
37.25 108.25 117.93 89.63 83.97 111.14 106.50 48.16 50.67 61.19 55.96 14.67 67.46 20.86 37.29 40.58 31.04 18.14 97.72 104.91 28.81 48.55 53.91 32.62 0.00 12.10 52.34 95.49 89.11 80.01 93.99 85.24 15.79 89.19 66.94 42.74 54.34 33.93 13.27 26.45 28.92 26.86 13.17 47.73 20.60 59.99 28.14 42.01 31.63 60.92 48.21 53.65 58.20 81.90 68.55 84.13 47.41 49.65 52.14 54.43 66.58 34.01 40.83 60.90 25.22 31.80 47.21 48.12 45.44 48.93 39.06 45.21 111.22 98.66 77.01 68.26 50.47 6.61 94.51 97.03
42.52 98.71 110.07 83.31 78.36 101.06 95.05 57.77 61.00 71.76 66.43 17.45 55.53 11.47 25.27 28.53 32.12 19.80 85.74 92.95 18.00 51.57 56.61 27.28 12.10 0.00 56.63 89.07 79.35 91.64 104.65 96.10 11.96 100.08 77.60 44.71 52.09 31.62 3.47 15.46 16.89 14.88 20.10 58.40 11.74 61.14 37.00 30.65 34.22 67.51 44.66 60.56 52.37 81.27 66.49 82.86 35.51 37.69 40.14 42.39 60.66 33.76 46.65 68.97 34.53 43.43 57.63 58.98 54.09 57.29 48.31 53.88 101.62 87.29 65.69 56.97 39.27 16.76 83.15 84.98
15.26 101.81 100.13 68.47 60.75 108.12 116.24 85.67 84.37 91.44 87.84 66.96 100.47 68.01 73.91 76.01 83.15 70.45 116.55 122.45 72.89 7.26 7.62 83.55 52.34 56.63 0.00 73.61 87.31 97.46 118.94 109.70 66.83 112.90 95.57 14.57 29.26 31.88 53.97 70.39 67.54 66.79 64.08 80.32 68.36 16.48 29.16 65.77 83.15 15.89 33.63 13.90 46.05 38.68 34.61 42.74 83.52 84.72 86.11 87.43 50.72 26.47 12.77 24.10 69.39 43.83 35.39 39.63 22.83 21.41 26.72 22.94 104.69 108.35 89.83 82.78 69.63 56.86 104.71 117.80
78.80 35.79 26.55 5.88 12.99 44.13 65.21 142.81 144.12 153.68 148.92 106.47 89.00 94.78 83.39 82.46 120.60 108.85 77.65 79.80 92.54 68.40 65.99 110.33 95.49 89.07 73.61 0.00 34.18 166.18 185.01 175.77 100.34 179.43 158.92 66.26 47.00 63.09 85.75 91.47 84.38 85.72 107.97 140.57 95.74 57.65 91.99 67.40 123.14 87.39 49.07 87.47 37.32 44.81 39.25 40.49 85.78 84.82 83.83 82.99 28.96 65.80 80.68 97.00 120.56 108.90 107.36 111.42 95.06 94.54 96.43 95.11 37.85 60.13 55.90 56.51 61.67 102.10 58.73 81.17
86.48 19.46 37.35 33.03 37.53 22.34 32.49 136.99 139.78 150.28 145.07 96.15 60.26 81.01 64.60 62.51 107.20 97.62 43.49 45.77 76.06 80.51 80.36 93.64 89.11 79.35 87.31 34.18 0.00 167.34 183.00 174.12 88.44 178.02 155.99 75.37 58.12 64.28 76.69 75.90 68.73 70.67 99.46 136.82 82.04 74.46 95.92 50.39 110.58 102.99 54.62 100.66 41.35 71.10 58.83 67.87 63.13 61.43 59.63 58.06 37.21 69.21 89.78 111.29 113.75 111.37 115.48 119.01 104.62 105.32 103.66 104.57 22.31 26.37 24.61 28.90 42.13 95.29 24.61 47.07
87.95 185.81 191.45 160.44 153.35 189.65 186.51 41.30 35.17 25.89 30.36 79.33 143.77 96.09 115.36 118.69 80.01 80.10 177.10 184.36 104.29 100.19 104.31 95.74 80.01 91.64 97.46 166.18 167.34 0.00 23.75 16.25 87.68 17.67 21.51 100.43 119.34 104.53 93.27 102.67 107.45 105.22 73.77 35.72 95.29 113.46 74.19 122.02 75.87 90.71 117.52 86.10 130.61 136.11 130.07 140.19 124.35 126.81 129.51 131.98 138.32 100.82 86.99 81.78 59.70 57.32 62.43 58.21 74.74 76.85 71.16 74.60 188.82 178.65 157.00 148.25 130.45 74.92 174.50 176.04
108.18 201.97 209.55 179.18 172.39 205.11 199.36 47.85 43.71 32.89 38.25 89.88 152.65 106.84 126.33 129.55 86.22 89.76 188.05 195.35 114.51 120.99 125.44 102.82 93.99 104.65 118.94 185.01 183.00 23.75 0.00 9.30 98.36 6.21 27.07 120.38 138.74 122.28 106.86 113.30 119.04 116.79 85.15 46.29 105.93 134.51 93.65 135.27 81.93 113.39 135.97 108.35 148.52 157.59 150.35 161.50 134.27 136.77 139.52 142.02 156.54 119.22 107.75 104.78 70.42 76.72 84.62 80.50 96.56 98.98 92.28 96.40 204.95 191.75 170.24 161.56 143.92 88.07 187.62 186.52
98.87 193.02 200.37 169.94 163.13 196.28 191.00 40.13 35.45 24.55 29.95 81.75 145.12 98.75 118.25 121.50 79.10 81.82 180.08 187.38 106.56 111.70 116.17 95.58 85.24 96.10 109.70 175.77 174.12 16.25 9.30 0.00 90.25 4.00 18.65 111.08 129.45 113.10 98.22 105.26 110.81 108.56 76.83 37.71 97.85 125.23 84.35 126.75 74.82 104.37 126.73 99.22 139.34 148.33 141.04 152.23 126.44 128.94 131.69 134.18 147.33 109.98 98.46 95.89 62.13 67.41 75.52 71.43 87.38 89.85 83.02 87.21 196.02 183.33 161.77 153.06 135.37 79.44 179.19 178.66
52.10 107.89 120.55 94.64 89.93 109.61 101.19 50.62 54.80 65.70 60.30 8.50 56.28 8.50 28.00 31.27 20.34 9.19 89.87 97.16 16.62 62.30 67.49 16.95 15.79 11.96 66.83 100.34 88.44 87.68 98.36 90.25 0.00 94.25 71.60 55.77 64.03 43.51 15.43 15.05 20.80 18.58 13.95 52.82 7.64 72.55 43.93 38.30 22.84 76.39 56.62 69.19 63.99 93.10 78.44 94.77 36.67 39.13 41.84 44.31 72.21 45.33 55.94 76.67 28.22 46.16 62.61 63.21 61.23 64.71 54.84 61.00 110.74 93.73 72.48 63.97 46.92 15.58 89.64 88.57
102.30 196.90 204.11 173.61 166.76 200.19 194.99 44.11 39.45 28.55 33.95 85.75 149.09 102.75 122.25 125.50 83.03 85.82 184.08 191.38 110.56 115.05 119.45 99.53 89.19 100.08 112.90 179.43 178.02 17.67 6.21 4.00 94.25 0.00 22.65 114.56 133.03 116.84 102.18 109.26 114.80 112.55 80.83 41.70 101.85 128.54 87.87 130.73 78.74 107.21 130.42 102.21 143.08 151.56 144.49 155.50 130.44 132.93 135.68 138.18 151.05 113.65 101.80 98.58 66.13 70.91 78.48 74.35 90.46 92.85 86.27 90.31 199.90 187.31 165.75 157.04 139.34 83.40 183.18 182.65
83.55 175.01 183.09 153.06 146.45 178.08 172.40 21.73 16.80 5.90 11.30 63.10 126.60 80.10 99.60 102.85 60.95 63.20 161.44 168.74 87.92 96.78 101.55 77.28 66.94 77.60 95.57 158.92 155.99 21.51 27.07 18.65 71.60 22.65 0.00 95.38 113.17 95.93 79.79 86.61 92.17 89.92 58.21 19.22 79.20 110.43 68.61 108.23 56.69 92.27 109.86 86.40 122.12 133.83 125.37 137.49 107.83 110.32 113.07 115.56 130.24 93.19 83.68 84.70 43.50 52.06 63.24 59.48 74.14 77.03 68.95 73.95 177.99 164.75 143.22 134.53 116.87 61.00 160.62 160.03
12.56 91.13 92.27 60.68 53.29 96.87 103.06 82.49 82.29 90.64 86.43 57.31 85.95 55.76 59.89 61.84 73.72 60.71 102.46 108.51 59.83 7.65 12.01 71.98 42.74 44.71 14.57 66.26 75.37 100.43 120.38 111.08 55.77 114.56 95.38 0.00 19.32 17.37 41.71 57.41 53.94 53.37 55.49 78.39 56.22 17.31 26.79 51.22 74.35 29.91 20.76 25.84 34.16 40.16 30.01 43.11 69.28 70.40 71.71 72.97 40.25 12.21 14.75 36.63 63.43 43.67 41.42 45.36 29.62 29.99 30.19 29.61 94.10 95.08 75.95 68.64 55.09 48.24 91.33 103.57
31.83 72.68 72.95 41.38 34.06 78.88 87.78 98.71 99.21 108.17 103.69 67.80 80.22 61.46 59.28 60.27 83.79 70.87 89.99 95.39 63.06 22.74 22.25 78.34 54.34 52.09 29.26 47.00 58.12 119.34 138.74 129.45 64.03 133.03 113.17 19.32 0.00 20.65 48.65 61.02 55.63 55.86 67.51 95.46 62.18 17.61 45.22 46.46 85.26 44.86 8.78 42.87 17.18 29.84 14.41 30.89 66.86 67.32 67.92 68.56 21.54 20.76 33.95 53.33 77.90 62.20 60.68 64.66 48.66 48.62 49.51 48.67 75.60 80.06 62.92 56.88 47.27 60.67 76.60 91.74
23.93 81.84 87.28 57.21 50.91 86.50 89.19 79.88 81.04 90.63 85.84 47.17 68.59 41.55 42.94 44.71 63.15 50.22 86.69 93.05 44.26 25.00 28.73 58.36 33.93 31.62 31.88 63.09 64.28 104.53 122.28 113.10 43.51 116.84 95.93 17.37 20.65 0.00 28.23 42.00 37.62 37.37 47.05 77.49 42.20 30.81 31.65 33.90 64.62 46.71 14.41 41.69 26.24 49.67 35.04 51.26 52.06 53.11 54.37 55.61 34.31 5.81 28.04 52.26 58.18 47.56 51.68 54.99 41.92 43.47 39.82 41.83 84.86 81.10 60.87 53.01 38.25 40.39 77.16 87.50
40.16 95.99 106.96 79.98 74.96 98.52 93.25 60.31 63.31 73.99 68.69 20.72 55.54 14.08 25.24 28.38 35.58 23.19 84.58 91.74 19.57 48.71 53.66 30.41 13.27 3.47 53.97 85.75 76.69 93.27 106.86 98.22 15.43 102.18 79.79 41.71 48.65 28.23 0.00 17.00 16.95 15.22 22.92 60.57 14.51 57.97 35.73 28.75 37.64 65.31 41.19 58.49 48.96 77.90 63.05 79.45 35.66 37.72 40.05 42.20 57.27 30.55 44.39 67.19 37.06 43.49 56.82 58.41 52.57 55.67 47.06 52.37 98.92 85.42 63.78 55.04 37.25 18.79 81.27 83.98
57.01 95.30 109.70 86.01 82.23 96.38 86.56 65.49 69.81 80.71 75.31 23.53 41.64 6.58 13.04 16.25 31.36 23.61 74.83 82.13 2.57 64.72 69.41 18.86 26.45 15.46 70.39 91.47 75.90 102.67 113.30 105.26 15.05 109.26 86.61 57.41 61.02 42.00 17.00 0.00 7.27 5.76 28.89 67.87 7.42 72.74 52.44 25.60 34.93 82.22 52.67 75.46 57.05 90.85 75.03 91.78 21.77 24.19 26.87 29.32 64.74 45.57 61.29 84.18 43.27 58.25 73.03 74.28 69.46 72.61 63.76 69.25 98.06 79.24 58.28 49.98 33.79 29.00 75.20 73.52
55.05 88.15 102.44 78.96 75.36 89.38 80.41 71.38 75.38 86.27 80.88 29.21 38.69 12.57 8.39 11.65 38.47 29.83 69.65 76.92 8.19 61.45 65.85 25.99 28.92 16.89 67.54 84.38 68.73 107.45 119.04 110.81 20.80 114.80 92.17 53.94 55.63 37.62 16.95 7.27 0.00 2.25 34.00 73.20 13.58 68.41 52.43 18.37 41.93 80.30 47.07 73.83 50.47 85.45 69.35 86.14 18.72 20.84 23.26 25.51 57.98 41.81 59.44 83.09 48.67 60.25 73.73 75.36 68.95 71.87 63.72 68.76 90.93 72.94 51.72 43.27 26.68 32.77 68.85 68.64
54.00 90.11 104.12 80.25 76.49 91.43 82.64 69.14 73.13 84.02 78.63 26.98 40.65 10.45 10.45 13.76 36.54 27.65 71.89 79.16 7.28 60.82 65.33 24.62 26.86 14.88 66.79 85.72 70.67 105.22 116.79 108.56 18.58 112.55 89.92 53.37 55.86 37.37 15.22 5.76 2.25 0.00 31.75 70.95 11.47 68.18 50.87 20.28 39.93 79.27 47.39 72.71 51.37 85.70 69.73 86.50 20.62 22.81 25.28 27.58 59.02 41.33 58.37 81.83 46.42 58.31 72.04 73.60 67.53 70.51 62.19 67.33 92.90 75.16 53.91 45.43 28.70 30.57 71.06 70.86
48.83 118.81 129.76 102.14 96.70 121.12 114.21 37.81 41.45 52.32 46.93 6.10 70.22 22.32 41.67 44.98 19.36 8.60 103.54 110.82 30.56 60.89 66.31 26.51 13.17 20.10 64.08 107.97 99.46 73.77 85.15 76.83 13.95 80.83 58.21 55.49 67.51 47.05 22.92 28.89 34.00 31.75 0.00 39.20 21.52 72.79 37.36 50.31 19.07 71.04 61.26 63.64 70.79 94.97 81.73 97.26 50.60 53.05 55.75 58.20 79.18 47.16 51.97 69.62 14.73 35.11 52.93 52.81 53.95 57.64 47.10 53.71 121.73 106.61 85.14 76.49 58.99 7.28 102.48 102.34
67.15 155.88 164.38 134.70 128.27 158.88 153.29 8.56 4.08 13.46 8.37 44.34 108.44 61.31 80.79 84.07 44.39 44.75 142.67 149.96 69.30 80.61 85.66 60.03 47.73 58.40 80.32 140.57 136.82 35.72 46.29 37.71 52.82 41.70 19.22 78.39 95.46 77.49 60.57 67.87 73.20 70.95 39.20 0.00 60.45 94.24 52.01 89.04 40.32 79.38 91.62 72.83 103.55 117.76 108.19 121.17 89.32 91.80 94.53 97.02 111.76 75.12 67.89 73.11 24.60 36.59 51.31 48.24 60.46 63.78 54.43 60.24 158.86 145.62 124.06 115.35 97.67 41.78 141.48 141.38
54.23 101.48 115.01 90.14 85.88 102.89 93.78 58.14 62.40 73.30 67.90 16.12 48.80 1.03 20.41 23.65 25.34 16.33 82.25 89.54 9.08 63.21 68.18 16.18 20.60 11.74 68.36 95.74 82.04 95.29 105.93 97.85 7.64 101.85 79.20 56.22 62.18 42.20 14.51 7.42 13.58 11.47 21.52 60.45 0.00 72.37 47.94 31.67 28.56 79.15 54.24 72.15 60.20 91.77 76.47 93.08 29.08 31.53 34.23 36.69 68.21 44.94 58.34 80.32 35.86 52.17 67.77 68.72 65.20 68.52 59.15 64.98 104.29 86.39 65.27 56.85 40.15 22.18 82.32 80.93
27.09 87.50 84.20 52.73 44.96 94.29 104.94 98.87 98.22 106.00 102.08 74.50 96.62 71.82 73.34 74.81 90.91 77.86 107.60 112.95 75.04 13.66 9.17 88.38 59.99 61.14 16.48 57.65 74.46 113.46 134.51 125.23 72.55 128.54 110.43 17.31 17.61 30.81 57.97 72.74 68.41 68.18 72.79 94.24 72.37 0.00 42.23 62.17 91.61 29.85 25.14 30.03 34.51 23.52 18.41 27.07 81.87 82.61 83.52 84.41 37.26 27.43 26.80 39.35 80.52 58.37 51.75 55.98 39.17 37.89 42.33 39.26 90.30 97.32 80.52 74.45 64.04 65.55 93.94 109.34
15.14 113.41 117.39 86.25 79.17 118.15 119.73 56.80 55.99 63.96 59.90 41.51 90.33 47.97 60.43 63.35 56.72 44.95 115.05 121.82 54.99 28.63 33.77 60.74 28.14 37.00 29.16 91.99 95.92 74.19 93.65 84.35 43.93 87.87 68.61 26.79 45.22 31.65 35.73 52.44 52.43 50.87 37.36 52.01 47.94 42.23 0.00 58.72 56.00 33.71 43.55 26.30 56.93 65.75 56.80 69.17 70.89 72.76 74.86 76.80 64.35 27.11 16.39 32.78 40.49 16.98 21.82 24.33 17.32 20.79 11.33 17.09 116.43 111.64 90.66 82.29 65.55 30.64 107.59 115.24
56.45 69.83 84.28 62.24 59.52 71.31 64.50 88.11 91.59 102.38 97.03 46.34 34.77 30.64 16.00 15.42 56.82 47.49 56.74 63.73 26.03 58.80 62.09 43.93 42.01 30.65 65.77 67.40 50.39 122.02 135.27 126.75 38.30 130.73 108.23 51.22 46.46 33.90 28.75 25.60 18.37 20.28 50.31 89.04 31.67 62.17 58.72 0.00 60.20 80.48 37.74 75.05 36.62 75.13 58.49 74.93 20.75 20.93 21.47 22.24 43.00 39.48 60.85 85.33 64.97 70.33 80.53 82.97 73.14 75.40 69.29 73.00 72.63 56.69 35.06 26.33 8.68 47.37 52.54 56.64
67.90 130.03 143.31 117.42 112.58 131.29 120.78 35.01 40.76 51.03 45.91 17.46 71.00 29.58 47.43 50.31 4.29 14.50 107.44 114.70 35.27 79.92 85.33 20.94 31.63 34.22 83.15 123.14 110.58 75.87 81.93 74.82 22.84 78.74 56.69 74.35 85.26 64.62 37.64 34.93 41.93 39.93 19.07 40.32 28.56 91.61 56.00 60.20 0.00 89.70 78.40 82.29 86.59 113.44 99.63 115.52 53.64 56.11 58.83 61.31 94.86 65.41 70.98 87.64 20.54 50.93 69.44 68.62 72.05 75.79 65.09 71.80 132.83 113.71 93.06 84.86 68.60 26.33 109.72 105.53
25.27 117.01 113.93 82.56 74.79 123.54 132.12 85.92 83.45 88.91 86.08 74.95 114.93 78.96 87.26 89.61 90.40 78.42 132.30 138.27 84.78 23.09 22.64 93.34 60.92 67.51 15.89 87.39 102.99 90.71 113.39 104.37 76.39 107.21 92.27 29.91 44.86 46.71 65.31 82.22 80.30 79.27 71.04 79.38 79.15 29.85 33.71 80.48 89.70 0.00 49.52 7.41 61.83 47.97 48.16 52.55 97.23 98.62 100.19 101.67 66.14 41.02 20.94 9.99 73.29 43.49 29.06 33.01 19.09 15.62 25.78 19.33 119.85 124.24 105.66 98.50 84.87 64.19 120.60 133.47
32.14 70.75 73.93 43.22 36.65 76.24 82.64 94.21 95.23 104.65 99.95 61.00 71.74 53.47 50.53 51.50 76.66 63.92 83.34 89.04 54.64 26.48 27.63 70.34 48.21 44.66 33.63 49.07 54.62 117.52 135.97 126.73 56.62 130.42 109.86 20.76 8.78 14.41 41.19 52.67 47.07 47.39 61.26 91.62 54.24 25.14 43.55 37.74 78.40 49.52 0.00 46.35 13.65 38.40 22.35 39.12 58.09 58.57 59.21 59.90 20.81 16.76 35.21 57.10 72.60 60.22 61.37 65.10 50.09 50.70 49.71 50.06 73.73 74.73 56.42 49.78 38.95 54.72 71.08 84.83
18.89 115.54 114.00 82.36 74.63 121.72 128.88 79.14 76.91 82.80 79.75 67.59 109.21 72.00 81.01 83.47 83.00 71.06 128.08 134.23 78.03 20.18 21.50 86.14 53.65 60.56 13.90 87.47 100.66 86.10 108.35 99.22 69.19 102.21 86.40 25.84 42.87 41.69 58.49 75.46 73.83 72.71 63.64 72.83 72.15 30.03 26.30 75.05 82.29 7.41 46.35 0.00 59.31 50.64 48.36 55.02 91.11 92.59 94.27 95.84 64.40 35.89 14.45 10.78 65.97 36.60 23.73 27.90 12.38 9.40 18.71 12.60 118.44 120.92 101.73 94.27 79.93 56.82 117.17 129.05
45.78 57.10 61.04 31.45 26.00 62.71 70.61 105.55 107.03 116.77 111.92 69.59 67.52 59.30 51.75 51.85 84.33 72.16 73.37 78.53 58.57 39.17 39.31 75.68 58.20 52.37 46.05 37.32 41.35 130.61 148.52 139.34 63.99 143.08 122.12 34.16 17.18 26.24 48.96 57.05 50.47 51.37 70.79 103.55 60.20 34.51 56.93 36.62 86.59 61.83 13.65 59.31 0.00 39.94 23.58 39.00 57.27 57.16 57.17 57.29 8.39 29.87 48.77 69.95 83.24 73.41 75.02 78.75 63.67 64.15 63.35 63.64 60.09 62.89 46.31 40.97 34.69 64.81 59.46 75.34
50.61 79.40 70.07 41.62 34.68 87.26 103.48 122.35 121.74 129.47 125.58 96.07 107.41 91.08 88.80 89.58 112.35 99.30 110.45 114.65 92.89 37.16 32.29 107.95 81.90 81.27 38.68 44.81 71.10 136.11 157.59 148.33 93.10 151.56 133.83 40.16 29.84 49.67 77.90 90.85 85.45 85.70 94.97 117.76 91.77 23.52 65.75 75.13 113.44 47.97 38.40 50.64 39.94 0.00 16.65 4.75 95.82 96.05 96.36 96.72 37.44 48.05 50.15 57.96 103.58 81.80 73.83 78.07 61.38 59.51 65.31 61.51 81.81 96.70 84.05 80.03 74.42 87.82 94.02 112.99
42.20 70.18 65.80 34.43 26.66 77.36 90.52 111.91 112.04 120.59 116.31 82.17 90.86 75.72 72.36 73.05 98.19 85.25 95.74 100.38 76.98 30.14 27.01 92.60 68.55 66.49 34.61 39.25 58.83 130.07 150.35 141.04 78.44 144.49 125.37 30.01 14.41 35.04 63.05 75.03 69.35 69.73 81.73 108.19 76.47 18.41 56.80 58.49 99.63 48.16 22.35 48.36 23.58 16.65 0.00 16.79 79.21 79.40 79.71 80.07 22.54 34.66 43.15 57.75 91.68 73.65 69.29 73.47 56.77 55.86 59.07 56.84 72.88 83.30 68.92 64.27 57.83 74.80 80.29 98.01
54.05 75.42 65.49 37.58 30.92 83.38 100.33 125.55 125.12 133.04 129.06 98.10 106.49 92.35 89.07 89.68 114.28 101.27 107.99 111.97 93.75 40.72 36.06 109.24 84.13 82.86 42.74 40.49 67.87 140.19 161.50 152.23 94.77 155.50 137.49 43.11 30.89 51.26 79.45 91.78 86.14 86.50 97.26 121.17 93.08 27.07 69.17 74.93 115.52 52.55 39.12 55.02 39.00 4.75 16.79 0.00 95.68 95.78 95.96 96.20 35.56 50.14 53.86 62.55 106.34 85.43 78.03 82.28 65.53 63.77 69.23 65.65 77.77 93.72 81.87 78.27 73.68 90.18 91.17 110.65
72.22 81.75 99.57 81.01 79.13 81.26 67.52 86.43 91.07 101.94 96.55 45.05 20.06 28.32 10.47 7.65 49.55 44.64 53.91 61.20 20.06 76.93 80.79 33.48 47.41 35.51 83.52 85.78 63.13 124.35 134.27 126.44 36.67 130.44 107.83 69.28 66.86 52.06 35.66 21.77 18.72 20.62 50.60 89.32 29.08 81.87 70.89 20.75 53.64 97.23 58.09 91.11 57.27 95.82 79.21 95.68 0.00 2.50 5.25 7.75 63.29 57.11 76.67 100.77 64.78 78.93 92.35 94.05 87.09 89.86 82.12 86.91 84.23 60.82 41.53 34.55 24.18 50.63 56.99 52.25
73.70 79.91 98.06 80.15 78.48 79.25 65.14 88.93 93.56 104.43 99.05 47.52 17.85 30.75 12.48 9.41 52.01 47.13 51.42 58.70 22.52 78.05 81.80 35.88 49.65 37.69 84.72 84.82 61.43 126.81 136.77 128.94 39.13 132.93 110.32 70.40 67.32 53.11 37.72 24.19 20.84 22.81 53.05 91.80 31.53 82.61 72.76 20.93 56.11 98.62 58.57 92.59 57.16 96.05 79.40 95.78 2.50 0.00 2.75 5.25 62.93 58.27 78.15 102.35 67.25 81.09 94.29 96.06 88.82 91.54 83.96 88.64 82.36 58.50 39.47 32.71 23.45 52.98 54.70 49.75
75.39 77.93 96.45 79.27 77.86 77.07 62.54 91.68 96.30 107.18 101.79 50.24 15.52 33.44 14.87 11.66 54.72 49.87 48.68 55.96 25.24 79.35 82.98 38.54 52.14 40.14 86.11 83.83 59.63 129.51 139.52 131.69 41.84 135.68 113.07 71.71 67.92 54.37 40.05 26.87 23.26 25.28 55.75 94.53 34.23 83.52 74.86 21.47 58.83 100.19 59.21 94.27 57.17 96.36 79.71 95.96 5.25 2.75 0.00 2.50 62.65 59.64 79.84 104.12 69.98 83.48 96.46 98.29 90.76 93.42 86.01 90.59 80.33 55.98 37.25 30.79 22.94 55.59 52.22 47.00
76.98 76.16 95.03 78.55 77.38 75.13 60.19 94.18 98.80 109.67 104.29 52.72 13.54 35.89 17.14 13.87 57.19 52.37 46.18 53.46 27.72 80.60 84.12 40.97 54.43 42.39 87.43 82.99 58.06 131.98 142.02 134.18 44.31 138.18 115.56 72.97 68.56 55.61 42.20 29.32 25.51 27.58 58.20 97.02 36.69 84.41 76.80 22.24 61.31 101.67 59.90 95.84 57.29 96.72 80.07 96.20 7.75 5.25 2.50 0.00 62.50 60.97 81.43 105.77 72.46 85.68 98.45 100.34 92.56 95.18 87.91 92.39 78.53 53.71 35.31 29.17 22.75 57.96 49.98 44.50
52.38 51.15 53.14 23.08 17.73 57.41 68.23 113.87 115.26 124.93 120.11 77.92 71.72 67.29 58.61 58.41 92.55 80.45 73.29 77.85 66.14 44.28 43.51 83.49 66.58 60.66 50.72 28.96 37.21 138.32 156.54 147.33 72.21 151.05 130.24 40.25 21.54 34.31 57.27 64.74 57.98 59.02 79.18 111.76 68.21 37.26 64.35 43.00 94.86 66.14 20.81 64.40 8.39 37.44 22.54 35.56 63.29 62.93 62.65 62.50 0.00 37.51 55.00 74.82 91.61 81.03 81.58 85.44 69.86 70.01 70.10 69.85 54.07 60.88 46.65 42.71 39.75 73.19 57.79 75.67
18.19 86.37 90.65 59.96 53.26 91.31 94.74 78.07 78.80 88.04 83.41 48.02 74.07 44.40 47.68 49.64 64.30 51.25 92.49 98.82 47.95 19.83 24.04 60.96 34.01 33.76 26.47 65.80 69.21 100.82 119.22 109.98 45.33 113.65 93.19 12.21 20.76 5.81 30.55 45.57 41.81 41.33 47.16 75.12 44.94 27.43 27.11 39.48 65.41 41.02 16.76 35.89 29.87 48.05 34.66 50.14 57.11 58.27 59.64 60.97 37.51 0.00 22.25 46.45 57.15 43.56 46.39 49.82 36.28 37.73 34.52 36.20 89.39 86.67 66.59 58.79 44.04 40.17 82.76 93.31
4.45 105.82 106.85 75.19 67.69 111.45 116.63 73.04 71.92 79.35 75.56 55.25 94.83 58.12 66.56 69.02 71.21 58.75 114.73 121.06 63.85 13.25 17.87 72.86 40.83 46.65 12.77 80.68 89.78 86.99 107.75 98.46 55.94 101.80 83.68 14.75 33.95 28.04 44.39 61.29 59.44 58.37 51.97 67.89 58.34 26.80 16.39 60.85 70.98 20.94 35.21 14.45 48.77 50.15 43.15 53.86 76.67 78.15 79.84 81.43 55.00 22.25 0.00 24.49 56.67 31.66 26.73 30.75 14.90 15.67 15.92 14.88 108.79 108.59 88.77 81.03 66.06 44.84 104.73 115.53
28.89 125.90 123.55 92.06 84.29 132.21 139.66 80.17 77.13 81.73 79.30 74.13 119.21 80.26 90.53 93.12 88.81 77.53 138.79 144.97 86.76 30.79 31.47 93.52 60.90 68.97 24.10 97.00 111.29 81.78 104.78 95.89 76.67 98.58 84.70 36.63 53.33 52.26 67.19 84.18 83.09 81.83 69.62 73.11 80.32 39.35 32.78 85.33 87.64 9.99 57.10 10.78 69.95 57.96 57.75 62.55 100.77 102.35 104.12 105.77 74.82 46.45 24.49 0.00 69.86 38.67 21.82 25.27 15.67 12.02 22.57 15.91 128.78 131.70 112.49 104.99 90.45 63.21 127.95 139.72
54.46 133.03 143.15 114.68 108.83 135.56 128.94 23.25 26.72 37.60 32.21 19.75 84.07 36.72 56.20 59.48 23.58 20.41 118.08 125.37 44.74 67.60 73.01 37.01 25.22 34.53 69.39 120.56 113.75 59.70 70.42 62.13 28.22 66.13 43.50 63.43 77.90 58.18 37.06 43.27 48.67 46.42 14.73 24.60 35.86 80.52 40.49 64.97 20.54 73.29 72.60 65.97 83.24 103.58 91.68 106.34 64.78 67.25 69.98 72.46 91.61 57.15 56.67 69.86 0.00 31.71 50.25 48.97 54.69 58.43 47.72 54.44 135.97 121.33 99.85 91.19 73.64 18.69 117.21 116.79
31.56 129.33 134.15 103.14 96.11 133.70 133.47 42.55 40.66 47.70 44.02 40.78 98.94 52.53 68.62 71.83 52.88 43.70 127.06 134.06 60.61 44.72 49.52 61.41 31.80 43.43 43.83 108.90 111.37 57.32 76.72 67.41 46.16 70.91 52.06 43.67 62.20 47.56 43.49 58.25 60.25 58.31 35.11 36.59 52.17 58.37 16.98 70.33 50.93 43.49 60.22 36.60 73.41 81.80 73.65 85.43 78.93 81.09 83.48 85.68 81.03 43.56 31.66 38.67 31.71 0.00 18.58 17.79 24.40 27.96 17.96 24.17 132.35 125.41 104.03 95.42 78.00 30.64 121.31 126.81
29.25 132.11 133.57 101.89 94.37 137.44 140.73 58.50 55.32 60.04 57.49 58.25 111.96 67.96 81.88 84.88 71.25 61.39 136.71 143.42 75.53 39.18 42.61 78.68 47.21 57.63 35.39 107.36 115.48 62.43 84.62 75.52 62.61 78.48 63.24 41.42 60.68 51.68 56.82 73.03 73.73 72.04 52.93 51.31 67.77 51.75 21.82 80.53 69.44 29.06 61.37 23.73 75.02 73.83 69.29 78.03 92.35 94.29 96.46 98.45 81.58 46.39 26.73 21.82 50.25 18.58 0.00 4.25 12.58 14.42 11.87 12.49 135.10 132.63 111.95 103.70 87.23 47.59 128.64 136.98
33.06 135.82 137.59 105.93 98.43 141.04 143.83 55.68 52.20 56.46 54.12 58.36 113.81 68.97 83.60 86.66 70.66 61.37 139.37 146.15 76.73 43.34 46.83 78.93 48.12 58.98 39.63 111.42 119.01 58.21 80.50 71.43 63.21 74.35 59.48 45.36 64.66 54.99 58.41 74.28 75.36 73.60 52.81 48.24 68.72 55.98 24.33 82.97 68.62 33.01 65.10 27.90 78.75 78.07 73.47 82.28 94.05 96.06 98.29 100.34 85.44 49.82 30.75 25.27 48.97 17.79 4.25 0.00 16.81 18.64 15.40 16.72 138.81 135.73 114.90 106.57 89.88 47.92 131.71 139.54
18.23 120.72 121.37 89.66 82.08 126.34 131.02 66.86 64.54 70.46 67.37 58.48 106.10 65.20 76.70 79.47 73.16 61.87 128.29 134.79 72.03 26.73 30.03 78.01 45.44 54.09 22.83 95.06 104.62 74.74 96.56 87.38 61.23 90.46 74.14 29.62 48.66 41.92 52.57 69.46 68.95 67.53 53.95 60.46 65.20 39.17 17.32 73.14 72.05 19.09 50.09 12.38 63.67 61.38 56.77 65.53 87.09 88.82 90.76 92.56 69.86 36.28 14.90 15.67 54.69 24.40 12.58 16.81 0.00 3.75 7.00 0.25 123.69 122.95 102.77 94.80 79.10 47.56 119.04 128.87
19.55 121.06 120.96 89.24 81.59 126.86 132.29 70.31 67.85 73.50 70.55 62.11 108.69 68.49 79.52 82.22 76.87 65.51 130.09 136.50 75.18 26.18 28.89 81.53 48.93 57.29 21.41 94.54 105.32 76.85 98.98 89.85 64.71 92.85 77.03 29.99 48.62 43.47 55.67 72.61 71.87 70.51 57.64 63.78 68.52 37.89 20.79 75.40 75.79 15.62 50.70 9.40 64.15 59.51 55.86 63.77 89.86 91.54 93.42 95.18 70.01 37.73 15.67 12.02 58.43 27.96 14.42 18.64 3.75 0.00 10.75 4.00 124.01 124.24 104.32 96.48 81.10 51.20 120.38 130.77
17.74 120.41 122.46 90.87 83.45 125.66 128.91 60.51 58.51 64.98 61.62 51.75 101.45 59.21 71.68 74.56 66.24 55.11 125.17 131.82 66.31 29.05 33.21 71.50 39.06 48.31 26.72 96.43 103.66 71.16 92.28 83.02 54.84 86.27 68.95 30.19 49.51 39.82 47.06 63.76 63.72 62.19 47.10 54.43 59.15 42.33 11.33 69.29 65.09 25.78 49.71 18.71 63.35 65.31 59.07 69.23 82.12 83.96 86.01 87.91 70.10 34.52 15.92 22.57 47.72 17.96 11.87 15.40 7.00 10.75 0.00 6.75 123.41 120.81 100.20 92.01 75.74 40.83 116.83 125.54
18.17 120.71 121.41 89.70 82.12 126.30 130.94 66.63 64.32 70.26 67.16 58.24 105.93 64.98 76.52 79.28 72.91 61.63 128.18 134.68 71.82 26.78 30.12 77.77 45.21 53.88 22.94 95.11 104.57 74.60 96.40 87.21 61.00 90.31 73.95 29.61 48.67 41.83 52.37 69.25 68.76 67.33 53.71 60.24 64.98 39.26 17.09 73.00 71.80 19.33 50.06 12.60 63.64 61.51 56.84 65.65 86.91 88.64 90.59 92.39 69.85 36.20 14.88 15.91 54.44 24.17 12.49 16.72 0.25 4.00 6.75 0.00 123.68 122.87 102.68 94.70 78.98 47.32 118.96 128.74
105.87 3.02 24.04 40.20 47.29 7.51 34.25 159.19 161.88 172.32 167.14 118.46 78.58 103.27 86.51 84.26 129.40 119.92 52.46 51.57 98.15 98.34 97.34 115.57 111.22 101.62 104.69 37.85 22.31 188.82 204.95 196.02 110.74 199.90 177.99 94.10 75.60 84.86 98.92 98.06 90.93 92.90 121.73 158.86 104.29 90.30 116.43 72.63 132.83 119.85 73.73 118.44 60.09 81.81 72.88 77.77 84.23 82.36 80.33 78.53 54.07 89.39 108.79 128.78 135.97 132.35 135.10 138.81 123.69 124.01 123.41 123.68 0.00 33.09 43.40 49.69 64.28 117.46 34.26 56.69
104.78 32.20 56.27 59.37 63.79 26.69 8.10 144.26 148.04 158.88 153.51 102.12 49.73 85.41 66.36 63.40 109.80 102.72 19.42 19.82 78.55 101.21 102.01 94.19 98.66 87.29 108.35 60.13 26.37 178.65 191.75 183.33 93.73 187.31 164.75 95.08 80.06 81.10 85.42 79.24 72.94 75.16 106.61 145.62 86.39 97.32 111.64 56.69 113.71 124.24 74.73 120.92 62.89 96.70 83.30 93.72 60.82 58.50 55.98 53.71 60.88 86.67 108.59 131.70 121.33 125.41 132.63 135.73 122.95 124.24 120.81 122.87 33.09 0.00 21.65 30.40 48.20 104.04 4.15 23.62
84.77 41.19 61.85 53.09 55.02 39.82 29.57 122.87 126.53 137.36 131.99 80.80 35.76 64.27 45.65 42.90 89.28 81.55 27.08 32.63 57.80 82.59 84.05 74.22 77.01 65.69 89.83 55.90 24.61 157.00 170.24 161.77 72.48 165.75 143.22 75.95 62.92 60.87 63.78 58.28 51.72 53.91 85.14 124.06 65.27 80.52 90.66 35.06 93.06 105.66 56.42 101.73 46.31 84.05 68.92 81.87 41.53 39.47 37.25 35.31 46.65 66.59 88.77 112.49 99.85 104.03 111.95 114.90 102.77 104.32 100.20 102.68 43.40 21.65 0.00 8.75 26.55 82.43 17.50 29.10
76.94 47.21 66.02 52.90 53.59 46.96 38.30 114.25 117.86 128.67 123.31 72.24 32.60 55.84 37.58 35.02 81.15 73.08 33.81 40.03 49.63 75.51 77.33 66.45 68.26 56.97 82.78 56.51 28.90 148.25 161.56 153.06 63.97 157.04 134.53 68.64 56.88 53.01 55.04 49.98 43.27 45.43 76.49 115.35 56.85 74.45 82.29 26.33 84.86 98.50 49.78 94.27 40.97 80.03 64.27 78.27 34.55 32.71 30.79 29.17 42.71 58.79 81.03 104.99 91.19 95.42 103.70 106.57 94.80 96.48 92.01 94.70 49.69 30.40 8.75 0.00 17.80 73.70 26.25 35.07
61.77 61.52 76.90 56.84 55.03 62.75 56.09 96.80 100.25 111.02 105.68 55.00 33.08 39.12 22.77 21.17 65.13 56.11 49.50 56.29 33.94 62.46 65.17 51.62 50.47 39.27 69.63 61.67 42.13 130.45 143.92 135.37 46.92 139.34 116.87 55.09 47.27 38.25 37.25 33.79 26.68 28.70 58.99 97.67 40.15 64.04 65.55 8.68 68.60 84.87 38.95 79.93 34.69 74.42 57.83 73.68 24.18 23.45 22.94 22.75 39.75 44.04 66.06 90.45 73.64 78.00 87.23 89.88 79.10 81.10 75.74 78.98 64.28 48.20 26.55 17.80 0.00 55.96 44.05 49.81
41.62 114.50 124.48 96.24 90.57 117.23 111.81 41.77 44.55 55.20 49.91 10.92 70.61 22.71 40.95 44.28 26.38 14.32 102.27 109.51 31.09 53.61 59.03 31.09 6.61 16.76 56.86 102.10 95.29 74.92 88.07 79.44 15.58 83.40 61.00 48.24 60.67 40.39 18.79 29.00 32.77 30.57 7.28 41.78 22.18 65.55 30.64 47.37 26.33 64.19 54.72 56.82 64.81 87.82 74.80 90.18 50.63 52.98 55.59 57.96 73.19 40.17 44.84 63.21 18.69 30.64 47.59 47.92 47.56 51.20 40.83 47.32 117.46 104.04 82.43 73.70 55.96 0.00 99.90 101.37
100.89 33.03 56.75 57.59 61.62 28.41 12.17 140.16 143.91 154.75 149.38 98.02 46.60 81.34 62.34 59.41 105.83 98.65 19.31 21.19 74.53 97.55 98.45 90.30 94.51 83.15 104.71 58.73 24.61 174.50 187.62 179.19 89.64 183.18 160.62 91.33 76.60 77.16 81.27 75.20 68.85 71.06 102.48 141.48 82.32 93.94 107.59 52.54 109.72 120.60 71.08 117.17 59.46 94.02 80.29 91.17 56.99 54.70 52.22 49.98 57.79 82.76 104.73 127.95 117.21 121.31 128.64 131.71 119.04 120.38 116.83 118.96 34.26 4.15 17.50 26.25 44.05 99.90 0.00 23.25
111.33 55.81 79.81 79.45 82.59 50.10 24.40 138.68 143.25 154.13 148.74 97.04 35.25 80.08 60.68 57.37 101.34 96.83 4.29 9.71 72.11 110.54 112.40 84.83 97.03 84.98 117.80 81.17 47.07 176.04 186.52 178.66 88.57 182.65 160.03 103.57 91.74 87.50 83.98 73.52 68.64 70.86 102.34 141.38 80.93 109.34 115.24 56.64 105.53 133.47 84.83 129.05 75.34 112.99 98.01 110.65 52.25 49.75 47.00 44.50 75.67 93.31 115.53 139.72 116.79 126.81 136.98 139.54 128.87 130.77 125.54 128.74 56.69 23.62 29.10 35.07 49.81 101.37 23.25 0.00

