90
0.00 5.15 8.02 17.68 5.50 6.68 12.42 43.78 59.29 97.75 66.83 72.20 74.23 73.09 73.23 77.52 77.52 76.76 76.42 44.92 45.57 25.41 12.52 28.29 47.57 43.90 58.83 52.45 21.51 42.36 101.94 120.52 119.26 80.20 82.15 75.62 38.50 82.05 88.30 121.95 151.33 116.33 120.08 72.17 33.78 32.88 11.64 13.06 130.08 142.32 117.03 120.00 9.57 19.74 32.96 33.13 46.66 85.07 88.81 30.54 50.02 55.77 110.26 122.01 124.46 127.20 104.79 104.59 50.77 70.13 62.30 125.33 132.26 116.36 138.20 69.97 56.54 51.15 87.24 88.14 77.22 110.90 77.68 85.04 73.18 75.07 89.14 112.15 124.13 116.14
5.15 0.00 5.48 12.56 4.59 2.10 7.42 39.63 55.96 98.15 66.13 70.44 69.71 70.62 71.76 75.64 75.64 75.02 74.86 45.22 40.82 30.41 17.58 32.93 44.13 40.51 56.88 51.45 25.77 38.25 106.00 122.26 120.85 75.33 77.29 70.64 40.00 77.04 83.29 124.42 152.83 120.13 124.23 69.65 33.20 32.04 15.25 16.16 131.96 144.29 121.46 124.06 13.66 24.89 37.53 29.91 46.82 88.57 92.98 34.54 46.03 51.78 114.08 126.01 126.91 129.78 107.18 107.39 50.41 65.05 57.21 127.53 134.95 120.64 140.14 68.54 54.29 52.69 82.12 83.13 72.82 111.65 81.82 89.30 77.47 79.36 93.38 116.35 128.32 120.34
8.02 5.48 0.00 13.76 10.00 7.09 10.00 42.69 59.89 103.63 71.48 75.41 66.52 75.20 76.86 80.55 80.55 80.01 79.93 50.70 38.21 32.74 19.89 36.10 39.57 35.90 61.79 56.74 29.50 34.43 109.94 127.61 126.23 72.96 74.88 68.66 45.37 77.85 84.09 129.52 158.23 124.34 128.05 74.21 38.61 37.40 19.57 20.80 137.27 149.58 124.90 128.00 17.58 26.14 40.81 25.16 52.29 93.05 96.79 38.55 42.05 47.79 118.27 130.02 132.02 134.83 112.32 112.33 55.83 65.51 55.83 132.74 139.95 124.30 145.44 73.66 59.04 58.06 82.28 83.92 69.40 117.13 85.66 93.00 81.12 83.02 97.09 120.11 132.10 124.11
17.68 12.56 13.76 0.00 14.33 11.11 5.41 29.45 47.61 98.42 64.28 65.82 60.29 64.22 67.86 70.63 70.63 70.40 70.69 46.56 30.98 42.37 29.80 44.09 39.14 35.89 52.14 49.32 36.40 31.23 115.15 125.62 123.83 64.51 66.53 59.37 44.38 64.56 70.81 129.53 155.39 128.55 133.55 63.16 33.31 31.62 25.58 25.68 135.57 148.06 131.52 133.14 24.76 37.38 48.47 26.76 47.74 96.46 102.47 44.38 39.08 44.63 122.60 134.95 131.93 135.11 112.21 113.39 49.90 52.50 45.42 131.96 140.55 130.31 143.87 64.80 48.83 56.60 69.56 70.64 63.86 112.67 91.31 99.05 87.38 89.24 103.08 125.83 137.71 129.79
5.50 4.59 10.00 14.33 0.00 4.00 8.94 38.54 53.80 93.74 62.08 66.97 73.34 67.66 68.11 72.25 72.25 71.53 71.26 40.80 44.23 28.08 15.73 29.85 48.51 44.92 53.52 47.53 22.32 42.32 102.10 117.67 116.26 78.43 80.42 73.50 35.42 77.76 84.00 119.88 148.25 116.05 120.40 66.73 29.05 28.00 11.52 12.07 127.37 139.70 117.89 120.15 10.45 23.64 34.31 34.39 42.44 84.35 89.18 30.76 50.16 55.89 110.02 122.07 122.36 125.25 102.63 102.91 46.21 66.12 59.71 122.96 130.45 116.92 135.56 64.86 51.15 48.11 83.36 83.85 76.59 107.17 78.01 85.59 73.81 75.69 89.66 112.56 124.51 116.54
6.68 2.10 7.09 11.11 4.00 0.00 5.76 37.58 53.86 96.67 64.39 68.48 69.39 68.57 69.85 73.66 73.66 73.07 72.94 43.77 40.33 31.40 18.72 33.55 44.59 41.01 54.90 49.66 26.16 38.32 106.09 121.23 119.76 74.66 76.64 69.83 38.98 75.37 81.62 123.68 151.69 120.05 124.37 67.60 31.55 30.32 15.43 16.06 130.97 143.33 121.80 124.14 14.14 26.28 38.08 30.56 45.33 88.35 93.15 34.71 46.16 51.89 114.02 126.06 126.15 129.08 106.41 106.80 48.77 63.48 56.20 126.68 134.30 120.87 139.18 66.64 52.27 51.65 80.61 81.46 72.62 110.28 81.98 89.54 77.75 79.63 93.61 116.53 128.48 120.51
12.42 7.42 10.00 5.41 8.94 5.76 0.00 32.77 49.93 96.83 63.49 66.31 64.96 65.58 68.01 71.32 71.32 70.91 70.99 44.31 35.70 36.97 24.40 38.77 42.02 38.59 52.62 48.57 31.15 34.86 110.37 122.84 121.19 69.63 71.64 64.61 40.97 69.64 75.89 126.10 152.94 124.00 128.74 64.56 31.40 29.90 20.32 20.56 132.70 145.14 126.50 128.39 19.39 32.04 43.19 28.68 45.67 92.05 97.59 39.32 42.76 48.42 118.02 130.25 128.53 131.61 108.79 109.63 48.45 57.72 50.76 128.78 136.95 125.39 140.96 64.87 49.65 53.44 74.85 75.73 68.38 110.79 86.42 94.09 82.37 84.24 98.14 120.97 132.88 124.93
43.78 39.63 42.69 29.45 38.54 37.58 32.77 0.00 19.57 83.73 47.91 43.25 66.11 38.37 46.59 46.92 46.92 47.45 48.61 41.45 41.87 63.27 53.07 62.23 58.82 56.71 31.10 35.19 54.39 49.02 121.97 116.61 114.01 64.04 66.08 57.21 46.79 44.04 49.91 124.66 143.66 132.72 140.33 37.19 31.00 29.18 45.62 44.37 126.83 139.32 140.76 139.14 46.36 61.21 65.40 51.14 41.30 100.49 110.88 59.04 55.16 59.22 127.25 140.45 126.75 130.62 107.85 111.49 39.51 35.60 42.55 125.32 136.56 138.29 135.14 44.20 26.76 55.01 52.35 49.80 70.72 98.87 100.29 108.41 97.86 99.53 112.11 133.33 144.60 137.07
59.29 55.96 59.89 47.61 53.80 53.86 49.93 19.57 0.00 69.96 35.76 26.39 82.50 19.36 30.47 28.91 28.91 29.95 31.68 39.89 60.68 74.33 66.30 71.74 78.24 76.22 18.14 28.06 64.63 68.41 120.83 105.33 102.30 78.20 80.11 71.12 49.13 47.11 51.65 115.77 130.20 129.48 138.62 18.16 35.18 34.13 58.04 56.32 115.46 127.69 140.71 136.95 59.43 74.17 73.92 70.65 38.77 98.33 111.19 66.85 74.26 78.01 124.49 137.90 117.61 121.81 99.83 104.94 34.31 43.77 57.60 115.29 127.93 137.45 123.60 28.91 14.27 53.09 57.37 51.61 87.26 85.13 101.44 109.45 100.12 101.58 112.78 132.29 142.87 135.79
97.75 98.15 103.63 98.42 93.74 96.67 96.83 83.73 69.96 0.00 35.86 44.30 149.79 54.35 39.86 44.19 44.19 42.15 39.66 52.94 123.76 93.00 95.08 86.75 137.10 134.08 53.03 49.94 85.31 128.22 81.54 37.51 33.86 147.31 149.30 140.32 60.28 115.65 119.18 52.60 60.27 81.51 94.31 55.25 65.43 66.95 88.22 86.15 47.05 58.67 101.64 91.28 90.76 99.00 84.79 125.15 51.34 61.75 79.41 79.25 135.57 140.50 78.95 90.92 53.64 58.30 41.79 50.67 48.51 113.70 126.06 49.40 64.38 96.19 54.75 41.05 57.45 48.80 126.28 119.18 154.36 15.21 75.65 80.78 78.76 78.97 81.86 91.20 97.88 93.31
66.83 66.13 71.48 64.28 62.08 64.39 63.49 47.91 35.76 35.86 0.00 15.46 113.94 25.54 12.19 19.69 19.69 17.41 15.14 23.91 88.10 69.27 67.34 64.07 102.19 99.33 17.81 14.96 59.91 93.04 90.89 69.71 66.80 111.70 113.71 104.76 34.95 82.77 87.03 80.14 95.79 97.14 107.61 25.87 33.06 34.10 59.33 57.17 79.88 92.21 111.50 105.47 61.69 73.13 63.89 90.98 21.81 68.12 83.45 56.93 100.22 105.00 92.72 106.05 81.94 86.19 64.58 70.42 16.35 79.22 90.35 79.53 92.34 107.40 88.09 10.23 22.13 29.47 93.11 87.01 118.50 50.97 75.41 82.80 75.83 76.86 85.45 102.15 111.74 105.29
72.20 70.44 75.41 65.82 66.97 68.48 66.31 43.25 26.39 44.30 15.46 0.00 108.53 10.70 4.52 5.54 5.54 4.60 5.38 34.88 85.08 79.28 75.17 74.79 101.21 98.74 13.70 21.53 69.51 91.59 106.33 80.85 77.54 104.58 106.50 97.50 46.44 71.36 75.01 93.09 104.27 112.29 122.95 11.36 39.60 39.92 66.76 64.66 90.79 102.75 126.96 120.76 68.86 81.88 75.35 91.61 32.86 83.57 98.88 68.14 98.15 102.40 107.98 121.27 94.69 99.11 78.36 84.83 26.63 69.73 83.85 91.64 105.29 122.82 98.75 5.24 17.19 43.61 81.98 75.00 113.26 59.31 90.68 98.15 90.89 91.99 100.85 117.57 127.07 120.69
74.23 69.71 66.52 60.29 73.34 69.39 64.96 66.11 82.50 149.79 113.94 108.53 0.00 101.63 112.23 111.41 111.41 112.37 113.90 103.07 29.32 99.20 86.41 102.52 32.56 35.53 97.14 100.49 95.48 32.69 175.33 181.59 179.25 13.70 14.20 17.22 103.62 55.21 58.47 187.76 209.51 188.85 193.68 100.44 90.01 88.04 84.82 85.37 191.77 204.32 191.16 193.35 83.37 92.07 107.18 44.61 103.66 156.70 162.50 104.10 26.33 21.55 182.89 195.20 190.04 193.54 170.53 172.62 103.67 45.98 25.33 189.35 199.22 190.26 200.12 110.07 92.76 115.05 49.64 58.28 4.82 164.90 151.33 158.93 147.14 149.02 162.99 185.88 197.82 189.86
73.09 70.62 75.20 64.22 67.66 68.57 65.58 38.37 19.36 54.35 25.54 10.70 101.63 0.00 15.16 10.46 10.46 12.23 14.70 41.20 79.95 83.40 77.75 79.52 97.18 95.01 15.74 27.17 73.50 87.39 116.26 91.26 87.88 96.70 98.56 89.60 52.49 61.47 64.84 103.76 113.88 122.67 133.13 1.20 42.79 42.60 69.25 67.26 101.13 112.98 136.80 131.01 71.12 85.00 80.65 88.80 39.38 93.47 108.34 73.37 93.45 97.30 118.25 131.59 105.34 109.78 89.06 95.47 33.32 60.84 76.55 102.21 115.96 132.82 109.01 15.56 16.71 51.73 72.16 64.84 106.41 69.15 99.74 107.38 99.58 100.77 110.24 127.57 137.27 130.76
73.23 71.76 76.86 67.86 68.11 69.85 68.01 46.59 30.47 39.86 12.19 4.52 112.23 15.16 0.00 7.50 7.50 5.24 3.40 33.80 88.27 78.84 75.46 74.08 103.98 101.42 15.99 21.34 69.18 94.45 102.66 76.33 73.03 108.57 110.50 101.50 45.30 75.83 79.51 88.61 99.92 108.26 119.09 15.86 40.01 40.54 67.13 65.01 86.28 98.26 123.33 116.84 69.33 81.89 74.36 93.98 31.72 79.94 95.52 67.22 101.16 105.54 104.04 117.30 90.19 94.62 73.96 80.54 25.58 74.01 87.71 87.12 100.80 119.09 94.25 3.29 20.00 41.32 86.44 79.51 116.93 54.92 87.58 94.94 88.02 89.06 97.54 113.84 123.18 116.90
77.52 75.64 80.55 70.63 72.25 73.66 71.32 46.92 28.91 44.19 19.69 5.54 111.41 10.46 7.50 0.00 0.00 2.44 5.20 40.33 88.78 84.82 80.67 80.31 105.36 102.99 18.76 27.07 75.05 95.66 110.03 81.36 77.89 106.86 108.74 99.77 51.88 71.88 75.13 94.48 103.47 115.36 126.34 11.52 45.11 45.38 72.25 70.15 91.14 102.86 130.72 124.03 74.33 87.41 80.84 96.15 38.29 87.34 103.00 73.63 102.04 106.14 111.23 124.45 95.96 100.46 80.33 87.23 32.07 71.25 86.48 92.58 106.64 126.42 98.93 9.93 21.81 48.61 82.58 75.15 116.17 58.84 95.08 102.44 95.50 96.55 105.03 121.18 130.41 124.20
77.52 75.64 80.55 70.63 72.25 73.66 71.32 46.92 28.91 44.19 19.69 5.54 111.41 10.46 7.50 0.00 0.00 2.44 5.20 40.33 88.78 84.82 80.67 80.31 105.36 102.99 18.76 27.07 75.05 95.66 110.03 81.36 77.89 106.86 108.74 99.77 51.88 71.88 75.13 94.48 103.47 115.36 126.34 11.52 45.11 45.38 72.25 70.15 91.14 102.86 130.72 124.03 74.33 87.41 80.84 96.15 38.29 87.34 103.00 73.63 102.04 106.14 111.23 124.45 95.96 100.46 80.33 87.23 32.07 71.25 86.48 92.58 106.64 126.42 98.93 9.93 21.81 48.61 82.58 75.15 116.17 58.84 95.08 102.44 95.50 96.55 105.03 121.18 130.41 124.20
76.76 75.02 80.01 70.40 71.53 73.07 70.91 47.45 29.95 42.15 17.41 4.60 112.37 12.23 5.24 2.44 2.44 0.00 2.77 38.64 89.32 83.40 79.56 78.78 105.62 103.19 18.29 25.67 73.67 95.98 107.61 79.21 75.77 108.08 109.97 100.99 50.18 73.70 77.06 92.18 101.66 112.92 123.90 13.20 44.00 44.37 71.17 69.06 89.03 100.80 128.30 121.59 73.30 86.18 79.19 96.14 36.58 84.93 100.63 72.02 102.47 106.65 108.79 122.01 93.67 98.16 77.95 84.81 30.38 72.74 87.54 90.34 104.34 124.00 96.86 7.99 21.70 46.52 84.38 77.07 117.11 56.91 92.77 100.10 93.25 94.27 102.67 118.75 127.97 121.77
76.42 74.86 79.93 70.69 71.26 72.94 70.99 48.61 31.68 39.66 15.14 5.38 113.90 14.70 3.40 5.20 5.20 2.77 0.00 37.19 90.42 82.24 78.80 77.48 106.43 103.93 18.60 24.70 72.57 96.84 104.97 76.60 73.19 109.87 111.79 102.79 48.68 76.06 79.52 89.45 99.36 110.18 121.20 15.60 43.31 43.81 70.46 68.34 86.44 98.27 125.67 118.88 72.64 85.26 77.74 96.66 35.11 82.31 98.10 70.61 103.45 107.73 106.07 119.28 90.95 95.44 75.18 82.04 28.98 74.82 89.20 87.67 101.62 121.34 94.31 6.64 22.36 44.49 86.73 79.53 118.63 54.51 90.34 97.62 90.91 91.91 100.16 116.09 125.26 119.09
44.92 45.22 50.70 46.56 40.80 43.77 44.31 41.45 39.89 52.94 23.91 34.88 103.07 41.20 33.80 40.33 40.33 38.64 37.19 0.00 74.83 45.39 43.82 40.35 85.69 82.44 25.94 14.04 36.01 77.44 81.54 79.27 77.35 103.61 105.69 97.15 11.55 83.96 89.32 84.73 108.83 91.46 99.65 40.87 13.35 15.22 36.15 34.00 89.32 101.86 101.09 98.24 38.61 49.30 40.56 72.94 2.11 59.48 71.42 33.42 85.14 90.46 86.12 99.42 86.98 90.55 67.56 70.40 8.26 76.89 82.16 86.35 96.31 98.08 97.66 30.68 27.29 13.71 93.15 89.24 107.25 66.55 61.56 69.58 60.32 61.74 72.95 92.99 103.92 96.61
45.57 40.82 38.21 30.98 44.23 40.33 35.70 41.87 60.68 123.76 88.10 85.08 29.32 79.95 88.27 88.78 88.78 89.32 90.42 74.83 0.00 70.89 57.99 73.76 19.62 19.25 72.48 73.86 66.49 10.82 146.06 153.93 151.80 34.78 36.68 30.91 74.59 51.72 57.23 159.23 182.67 159.53 164.44 78.76 61.57 59.64 55.75 56.20 164.04 176.60 162.11 164.07 54.43 64.27 78.35 21.59 75.60 127.40 133.29 74.96 13.89 17.36 153.58 165.90 161.56 164.94 141.94 143.70 76.28 38.87 20.52 161.16 170.53 161.09 172.39 85.72 68.29 86.29 51.98 57.04 32.97 138.64 122.12 129.77 118.02 119.90 133.83 156.67 168.58 160.64
25.41 30.41 32.74 42.37 28.08 31.40 36.97 63.27 74.33 93.00 69.27 79.28 99.20 83.40 78.84 84.82 84.82 83.40 82.24 45.39 70.89 0.00 12.91 6.54 70.66 66.97 67.74 57.76 9.91 66.83 79.32 108.38 107.92 105.58 107.52 101.03 34.52 105.05 111.25 106.30 139.86 94.68 96.94 82.74 40.65 41.06 17.88 18.92 117.10 128.71 92.90 97.24 17.86 8.45 10.40 56.25 47.49 65.27 65.87 13.81 74.19 79.87 88.55 99.45 108.90 110.96 89.92 87.76 53.38 93.82 87.59 110.90 115.39 92.76 124.78 75.62 67.01 44.32 111.17 111.11 101.96 103.90 55.02 61.76 49.90 51.80 65.85 88.86 100.85 92.86
12.52 17.58 19.89 29.80 15.73 18.72 24.40 53.07 66.30 95.08 67.34 75.17 86.41 77.75 75.46 80.67 80.67 79.56 78.80 43.82 57.99 12.91 0.00 16.50 58.50 54.80 62.55 54.13 11.40 54.17 90.84 114.43 113.55 92.67 94.61 88.14 34.81 93.43 99.66 114.19 145.68 105.71 108.76 76.96 35.57 35.36 8.50 10.53 123.63 135.61 105.23 108.86 6.88 8.14 21.25 44.00 45.82 75.21 77.53 20.48 61.65 67.36 99.60 110.97 116.76 119.18 97.32 96.20 50.99 81.85 74.79 118.17 123.95 104.81 131.57 72.17 61.05 46.67 99.09 99.51 89.24 107.23 66.49 73.60 61.70 63.60 77.70 100.75 112.75 104.75
28.29 32.93 36.10 44.09 29.85 33.55 38.77 62.23 71.74 86.75 64.07 74.79 102.52 79.52 74.08 80.31 80.31 78.78 77.48 40.35 73.76 6.54 16.50 0.00 75.00 71.30 63.79 53.28 8.00 70.51 74.38 101.84 101.38 108.21 110.19 103.35 29.13 104.99 111.13 99.94 133.32 89.39 92.26 78.93 37.16 37.84 18.56 18.88 110.60 122.24 88.81 92.39 19.42 14.49 4.75 60.50 42.46 59.41 61.04 7.52 78.06 83.79 83.27 94.51 102.54 104.66 83.48 81.48 48.51 94.22 89.51 104.46 109.16 88.33 118.29 70.90 63.43 38.21 111.62 110.99 105.49 97.47 50.02 57.10 45.20 47.10 61.20 84.25 96.25 88.25
47.57 44.13 39.57 39.14 48.51 44.59 42.02 58.82 78.24 137.10 102.19 101.21 32.56 97.18 103.98 105.36 105.36 105.62 106.43 85.69 19.62 70.66 58.50 75.00 0.00 3.70 88.00 87.40 68.93 9.86 149.28 164.71 162.95 43.73 45.08 42.79 82.98 70.60 75.83 168.08 194.52 163.87 167.25 96.01 72.41 70.67 59.11 60.23 174.63 187.09 163.56 167.32 57.14 62.81 79.75 14.51 86.83 132.60 136.02 78.06 7.52 11.01 157.79 169.39 170.52 173.54 150.77 151.37 88.69 58.00 37.57 170.80 178.83 163.29 182.91 101.19 84.07 95.45 69.62 75.63 33.73 151.56 124.95 132.10 120.20 122.10 136.20 159.25 171.25 163.25
43.90 40.51 35.90 35.89 44.92 41.01 38.59 56.71 76.22 134.08 99.33 98.74 35.53 95.01 101.42 102.99 102.99 103.19 103.93 82.44 19.25 66.97 54.80 71.30 3.70 0.00 85.43 84.49 65.24 8.60 145.58 161.36 159.65 46.17 47.62 44.77 79.53 70.84 76.24 164.57 191.27 160.19 163.55 93.84 69.20 67.49 55.46 56.59 171.26 183.71 159.86 163.63 53.47 59.13 76.05 10.81 83.63 128.94 132.32 74.38 9.52 14.07 154.10 165.70 167.02 170.02 147.28 147.81 85.61 58.07 38.38 167.36 175.29 159.59 179.53 98.58 81.57 92.03 70.42 76.04 36.97 148.47 121.25 128.40 116.50 118.40 132.50 155.55 167.55 159.55
58.83 56.88 61.79 52.14 53.52 54.90 52.62 31.10 18.14 53.03 17.81 13.70 97.14 15.74 15.99 18.76 18.76 18.29 18.60 25.94 72.48 67.74 62.55 63.79 88.00 85.43 0.00 12.06 57.85 78.48 104.28 87.51 84.59 94.28 96.27 87.29 36.97 65.25 69.74 97.64 113.24 112.14 121.75 15.21 27.23 27.21 54.06 52.02 97.68 110.01 124.50 119.91 56.05 69.60 64.92 78.06 24.27 81.58 95.39 57.64 85.25 89.69 107.32 120.74 99.50 103.68 81.70 86.94 18.57 61.41 73.07 97.25 109.80 120.92 105.89 13.25 4.43 37.62 75.48 69.70 101.79 68.24 86.21 94.05 85.55 86.85 97.14 115.71 125.96 119.09
52.45 51.45 56.74 49.32 47.53 49.66 48.57 35.19 28.06 49.94 14.96 21.53 100.49 27.17 21.34 27.07 27.07 25.67 24.70 14.04 73.86 57.76 54.13 53.28 87.40 84.49 12.06 0.00 48.01 78.36 92.90 81.45 78.92 99.20 101.24 92.40 25.38 74.35 79.27 89.75 109.06 101.44 110.60 26.83 18.82 19.57 45.84 43.70 91.67 104.18 112.95 108.90 48.07 60.57 53.98 76.03 12.26 70.33 83.65 46.73 85.65 90.55 96.44 109.85 91.78 95.75 73.20 77.59 6.54 68.93 77.67 90.18 101.76 109.54 99.99 18.06 14.20 25.66 84.16 79.22 104.95 64.78 74.29 82.18 73.53 74.85 85.35 104.36 114.84 107.82
21.51 25.77 29.50 36.40 22.32 26.16 31.15 54.39 64.63 85.31 59.91 69.51 95.48 73.50 69.18 75.05 75.05 73.67 72.57 36.01 66.49 9.91 11.40 8.00 68.93 65.24 57.85 48.01 0.00 63.85 80.44 103.28 102.49 100.75 102.74 95.76 25.63 97.00 103.15 102.80 134.61 94.95 98.57 72.84 30.75 31.17 10.83 10.93 112.39 124.32 95.68 98.50 12.11 13.71 12.08 54.44 38.10 64.06 67.31 9.22 71.53 77.28 88.86 100.52 105.36 107.78 85.96 84.80 43.85 86.21 81.77 106.82 112.55 94.90 120.29 65.94 57.11 36.55 103.62 103.01 98.59 96.93 56.17 63.57 51.72 53.61 67.65 90.65 102.63 94.65
42.36 38.25 34.43 31.23 42.32 38.32 34.86 49.02 68.41 128.22 93.04 91.59 32.69 87.39 94.45 95.66 95.66 95.98 96.84 77.44 10.82 66.83 54.17 70.51 9.86 8.60 78.48 78.36 63.85 0.00 144.23 156.68 154.79 41.40 43.07 38.92 75.58 62.53 68.03 160.75 186.15 158.35 162.41 86.21 64.10 62.29 53.50 54.35 166.68 179.19 159.33 162.29 51.78 59.50 75.23 12.42 78.47 126.66 131.15 72.77 7.89 13.58 152.32 164.26 163.15 166.31 143.43 144.47 79.97 49.68 30.73 163.18 171.72 158.72 174.99 91.71 74.49 87.83 62.57 67.83 35.16 142.82 120.00 127.40 115.53 117.43 131.49 154.50 166.48 158.49
101.94 106.00 109.94 115.15 102.10 106.09 110.37 121.97 120.83 81.54 90.89 106.33 175.33 116.26 102.66 110.03 110.03 107.61 104.97 81.54 146.06 79.32 90.84 74.38 149.28 145.58 104.28 92.90 80.44 144.23 0.00 64.50 67.18 179.28 181.33 173.62 75.28 165.38 170.83 49.53 89.75 16.69 18.50 116.47 91.03 92.92 90.75 90.03 67.16 73.49 20.74 18.06 92.45 87.67 69.64 134.77 82.32 22.80 13.53 71.46 151.95 157.70 11.18 20.14 51.63 50.38 44.25 34.90 86.52 157.53 158.89 57.39 51.24 16.64 71.13 101.11 107.08 67.92 174.27 170.74 178.68 80.05 24.35 17.95 29.51 27.64 14.11 11.47 22.74 15.10
120.52 122.26 127.61 125.62 117.67 121.23 122.84 116.61 105.33 37.51 69.71 80.85 181.59 91.26 76.33 81.36 81.36 79.21 76.60 79.27 153.93 108.38 114.43 101.84 164.71 161.36 87.51 81.45 103.28 156.68 64.50 0.00 4.12 180.64 182.68 173.82 82.26 151.96 155.82 18.89 31.50 57.25 70.84 92.08 92.62 94.48 109.45 107.67 10.22 22.74 80.98 67.22 111.94 115.97 98.44 151.47 78.37 53.62 68.78 95.10 164.41 169.74 57.32 65.87 18.69 23.19 21.78 29.92 77.91 148.92 159.12 12.84 28.62 74.73 18.55 76.97 91.82 69.58 162.47 155.81 185.93 25.22 70.57 72.06 75.77 75.07 71.20 70.72 73.39 71.39
119.26 120.85 126.23 123.83 116.26 119.76 121.19 114.01 102.30 33.86 66.80 77.54 179.25 87.88 73.03 77.89 77.89 75.77 73.19 77.35 151.80 107.92 113.55 101.38 162.95 159.65 84.59 78.92 102.49 154.79 67.18 4.12 0.00 178.05 180.09 171.20 80.86 148.77 152.54 22.83 32.14 60.60 74.20 88.72 90.70 92.52 108.33 106.50 13.26 25.42 84.14 70.62 110.83 115.37 98.11 149.86 76.36 55.13 70.81 94.50 162.48 167.76 60.40 69.36 22.76 27.29 23.60 32.35 75.62 145.97 156.55 16.96 32.74 77.93 21.31 73.78 88.93 68.17 159.31 152.54 183.63 21.17 72.01 73.92 77.05 76.44 73.26 73.80 76.86 74.62
80.20 75.33 72.96 64.51 78.43 74.66 69.63 64.04 78.20 147.31 111.70 104.58 13.70 96.70 108.57 106.86 106.86 108.08 109.87 103.61 34.78 105.58 92.67 108.21 43.73 46.17 94.28 99.20 100.75 41.40 179.28 180.64 178.05 0.00 2.08 7.10 105.67 44.52 46.92 188.13 207.48 192.05 197.75 95.54 91.07 89.07 89.93 90.17 190.86 203.36 196.01 197.17 88.80 99.05 112.73 53.81 103.92 159.67 166.81 108.90 36.65 32.99 186.22 198.87 190.30 194.02 171.08 173.91 103.12 37.47 21.56 189.14 199.85 194.69 199.18 106.72 89.86 116.33 37.54 46.74 16.75 162.52 155.68 163.48 151.86 153.72 167.50 190.12 201.94 194.06
82.15 77.29 74.88 66.53 80.42 76.64 71.64 66.08 80.11 149.30 113.71 106.50 14.20 98.56 110.50 108.74 108.74 109.97 111.79 105.69 36.68 107.52 94.61 110.19 45.08 47.62 96.27 101.24 102.74 43.07 181.33 182.68 180.09 2.08 0.00 9.00 107.74 45.73 47.90 190.19 209.47 194.12 199.80 97.40 93.15 91.15 91.93 92.18 192.90 205.40 198.03 199.23 90.78 100.95 114.72 55.46 106.00 161.74 168.85 110.91 38.11 34.25 188.29 200.93 192.37 196.09 173.15 175.99 105.18 39.08 23.61 191.20 201.92 196.73 201.22 108.67 91.84 118.41 38.39 47.72 16.72 164.50 157.72 165.52 153.89 155.75 169.53 192.17 203.99 196.11
75.62 70.64 68.66 59.37 73.50 69.83 64.61 57.21 71.12 140.32 104.76 97.50 17.22 89.60 101.50 99.77 99.77 100.99 102.79 97.15 30.91 101.03 88.14 103.35 42.79 44.77 87.29 92.40 95.76 38.92 173.62 173.82 171.20 7.10 9.00 0.00 99.57 38.43 41.37 181.52 200.51 186.15 192.11 88.45 84.77 82.77 84.92 85.04 184.04 196.53 190.63 191.44 83.93 94.81 107.80 51.27 97.40 153.73 161.29 103.68 35.38 32.70 180.35 193.09 183.68 187.43 164.53 167.52 96.44 30.60 15.00 182.44 193.29 189.17 192.35 99.67 82.87 110.01 32.42 41.18 21.35 155.53 150.18 158.05 146.51 148.35 162.04 184.55 196.32 188.47
38.50 40.00 45.37 44.38 35.42 38.98 40.97 46.79 49.13 60.28 34.95 46.44 103.62 52.49 45.30 51.88 51.88 50.18 48.68 11.55 74.59 34.52 34.81 29.13 82.98 79.53 36.97 25.38 25.63 75.58 75.28 82.26 80.86 105.67 107.74 99.57 0.00 90.59 96.25 85.18 112.88 86.76 93.70 52.09 15.79 17.64 28.12 26.12 91.99 104.36 93.97 92.66 30.67 39.27 29.07 69.37 13.60 54.33 64.10 22.00 83.45 89.01 81.09 94.11 87.59 90.73 67.85 69.12 19.81 82.28 84.63 87.83 96.17 91.52 100.20 42.21 37.75 12.69 99.14 96.16 107.52 72.74 53.60 61.72 51.55 53.13 65.36 86.59 97.97 90.36
82.05 77.04 77.85 64.56 77.76 75.37 69.64 44.04 47.11 115.65 82.77 71.36 55.21 61.47 75.83 71.88 71.88 73.70 76.06 83.96 51.72 105.05 93.43 104.99 70.60 70.84 65.25 74.35 97.00 62.53 165.38 151.96 148.77 44.52 45.73 38.43 90.59 0.00 6.25 162.87 175.35 175.29 183.58 60.50 74.85 73.09 87.19 86.36 162.00 174.07 184.51 182.20 87.31 101.40 108.55 72.14 83.38 143.44 154.65 102.56 63.55 63.81 170.04 183.36 164.69 168.91 146.93 151.84 80.09 13.03 33.76 162.24 175.04 181.83 170.04 75.00 61.29 97.66 10.73 6.09 59.64 130.58 144.19 152.31 141.88 143.53 155.95 176.80 187.85 180.47
88.30 83.29 84.09 70.81 84.00 81.62 75.89 49.91 51.65 119.18 87.03 75.01 58.47 64.84 79.51 75.13 75.13 77.06 79.52 89.32 57.23 111.25 99.66 111.13 75.83 76.24 69.74 79.27 103.15 68.03 170.83 155.82 152.54 46.92 47.90 41.37 96.25 6.25 0.00 167.18 178.53 180.48 188.97 63.93 80.56 78.83 93.38 92.53 165.80 177.75 190.09 187.53 93.53 107.64 114.66 77.93 88.66 148.76 160.25 108.61 68.65 68.58 175.29 188.65 168.95 173.22 151.44 156.58 85.16 18.99 38.55 166.32 179.37 187.32 173.76 78.89 65.91 103.00 9.87 0.20 62.71 133.97 149.86 157.97 147.64 149.28 161.58 182.26 193.24 185.91
121.95 124.42 129.52 129.53 119.88 123.68 126.10 124.66 115.77 52.60 80.14 93.09 187.76 103.76 88.61 94.48 94.48 92.18 89.45 84.73 159.23 106.30 114.19 99.94 168.08 164.57 97.64 89.75 102.80 160.75 49.53 18.89 22.83 188.13 190.19 181.52 85.18 162.87 167.18 0.00 40.33 39.70 53.11 104.45 97.77 99.73 110.45 108.90 17.90 24.71 63.88 49.40 112.80 114.41 95.97 154.23 84.26 44.46 56.50 93.96 168.61 174.14 40.80 47.81 2.62 6.05 17.32 19.10 85.16 158.56 166.59 8.00 12.21 57.54 21.82 88.66 101.71 73.00 173.12 167.15 191.89 42.81 60.87 60.44 66.64 65.54 58.71 54.00 55.32 54.15
151.33 152.83 158.23 155.39 148.25 151.69 152.94 143.66 130.20 60.27 95.79 104.27 209.51 113.88 99.92 103.47 103.47 101.66 99.36 108.83 182.67 139.86 145.68 133.32 194.52 191.27 113.24 109.06 134.61 186.15 89.75 31.50 32.14 207.48 209.47 200.51 112.88 175.35 178.53 40.33 0.00 78.41 91.09 114.86 122.12 123.89 140.45 138.61 23.84 16.90 102.56 87.34 142.96 147.41 129.93 181.63 107.70 83.26 96.66 126.53 193.76 198.94 80.48 85.27 38.13 39.71 51.88 58.04 106.41 173.91 186.14 32.78 40.75 96.23 18.63 101.29 117.66 100.20 186.04 178.55 214.00 45.07 100.12 100.44 105.65 104.75 98.92 93.28 92.50 92.85
116.33 120.13 124.34 128.55 116.05 120.05 124.00 132.72 129.48 81.51 97.14 112.29 188.85 122.67 108.26 115.36 115.36 112.92 110.18 91.46 159.53 94.68 105.71 89.39 163.87 160.19 112.14 101.44 94.95 158.35 16.69 57.25 60.60 192.05 194.12 186.15 86.76 175.29 180.48 39.70 78.41 0.00 13.60 123.02 102.18 104.14 104.91 104.01 57.54 61.62 24.25 10.08 106.77 103.10 84.71 149.38 91.93 32.44 29.78 85.81 166.16 171.90 6.13 9.41 41.25 38.80 40.43 31.00 95.36 168.29 171.27 47.67 38.10 17.90 59.93 107.17 115.37 77.78 184.61 180.41 192.37 76.92 39.83 34.36 45.43 43.63 30.69 15.04 16.56 14.50
120.08 124.23 128.05 133.55 120.40 124.37 128.74 140.33 138.62 94.31 107.61 122.95 193.68 133.13 119.09 126.34 126.34 123.90 121.20 99.65 164.44 96.94 108.76 92.26 167.25 163.55 121.75 110.60 98.57 162.41 18.50 70.84 74.20 197.75 199.80 192.11 93.70 183.58 188.97 53.11 91.09 13.60 0.00 133.40 109.42 111.32 108.99 108.34 70.85 74.21 11.94 3.75 110.63 105.19 87.51 152.75 100.35 40.29 31.27 89.68 170.10 175.84 15.43 6.09 54.53 51.79 53.74 44.20 104.31 175.91 177.39 61.03 50.41 6.33 72.80 117.77 124.72 85.98 192.57 188.89 196.98 90.32 42.41 35.18 47.07 45.17 31.09 8.14 4.27 4.27
72.17 69.65 74.21 63.16 66.73 67.60 64.56 37.19 18.16 55.25 25.87 11.36 100.44 1.20 15.86 11.52 11.52 13.20 15.60 40.87 78.76 82.74 76.96 78.93 96.01 93.84 15.21 26.83 72.84 86.21 116.47 92.08 88.72 95.54 97.40 88.45 52.09 60.50 63.93 104.45 114.86 123.02 133.40 0.00 42.11 41.88 68.46 66.48 101.98 113.85 136.98 131.31 70.30 84.25 80.13 87.67 39.07 93.67 108.43 72.85 92.26 96.11 118.56 131.91 106.04 110.47 89.65 95.98 33.06 59.74 75.37 102.97 116.65 133.04 109.88 16.04 15.90 51.61 71.18 63.93 105.22 70.09 99.75 107.42 99.51 100.72 110.31 127.79 137.55 131.00
33.78 33.20 38.61 33.31 29.05 31.55 31.40 31.00 35.18 65.43 33.06 39.60 90.01 42.79 40.01 45.11 45.11 44.00 43.31 13.35 61.57 40.65 35.57 37.16 72.41 69.20 27.23 18.82 30.75 64.10 91.03 92.62 90.70 91.07 93.15 84.77 15.79 74.85 80.56 97.77 122.12 102.18 109.42 42.11 0.00 2.00 27.17 25.06 102.67 115.20 109.76 108.31 29.33 42.41 38.92 59.87 14.43 69.81 79.88 31.75 71.79 77.11 96.60 109.70 100.06 103.53 80.52 82.88 17.22 66.51 69.77 99.59 109.22 107.30 111.00 36.72 26.37 25.25 83.35 80.46 94.13 79.44 69.35 77.46 67.11 68.73 81.13 102.35 113.68 106.11
32.88 32.04 37.40 31.62 28.00 30.32 29.90 29.18 34.13 66.95 34.10 39.92 88.04 42.60 40.54 45.38 45.38 44.37 43.81 15.22 59.64 41.06 35.36 37.84 70.67 67.49 27.21 19.57 31.17 62.29 92.92 94.48 92.52 89.07 91.15 82.77 17.64 73.09 78.83 99.73 123.89 104.14 111.32 41.88 2.00 0.00 26.89 24.83 104.54 117.08 111.59 110.23 28.95 42.42 39.81 58.25 16.19 71.76 81.71 32.72 69.96 75.25 98.54 111.63 102.02 105.50 82.49 84.87 18.56 64.64 67.77 101.52 111.19 109.17 112.88 37.26 26.03 27.25 81.52 78.73 92.16 81.07 71.13 79.25 68.81 70.45 82.93 104.23 115.59 108.00
11.64 15.25 19.57 25.58 11.52 15.43 20.32 45.62 58.04 88.22 59.33 66.76 84.82 69.25 67.13 72.25 72.25 71.17 70.46 36.15 55.75 17.88 8.50 18.56 59.11 55.46 54.06 45.84 10.83 53.50 90.75 109.45 108.33 89.93 91.93 84.92 28.12 87.19 93.38 110.45 140.45 104.91 108.99 68.46 27.17 26.89 0.00 2.16 118.91 131.08 106.37 108.81 2.55 16.13 22.89 44.72 38.08 73.49 77.75 19.31 61.27 67.02 98.85 110.76 112.97 115.65 93.33 92.99 42.99 76.06 70.97 113.96 120.67 105.45 126.98 63.85 52.55 40.53 93.43 93.24 88.02 100.86 66.59 74.12 62.32 64.20 78.19 101.13 113.09 105.11
13.06 16.16 20.80 25.68 12.07 16.06 20.56 44.37 56.32 86.15 57.17 64.66 85.37 67.26 65.01 70.15 70.15 69.06 68.34 34.00 56.20 18.92 10.53 18.88 60.23 56.59 52.02 43.70 10.93 54.35 90.03 107.67 106.50 90.17 92.18 85.04 26.12 86.36 92.53 108.90 138.61 104.01 108.34 66.48 25.06 24.83 2.16 0.00 117.16 129.37 105.94 108.08 4.62 17.92 22.98 45.91 35.93 72.42 77.13 18.77 62.16 67.90 97.97 110.00 111.41 114.15 91.75 91.56 40.83 75.40 70.95 112.31 119.21 104.90 125.26 61.72 50.57 38.60 92.80 92.39 88.65 98.85 65.96 73.58 61.83 63.70 77.64 100.52 112.45 104.49
130.08 131.96 137.27 135.57 127.37 130.97 132.70 126.83 115.46 47.05 79.88 90.79 191.77 101.13 86.28 91.14 91.14 89.03 86.44 89.32 164.04 117.10 123.63 110.60 174.63 171.26 97.68 91.67 112.39 166.68 67.16 10.22 13.26 190.86 192.90 184.04 91.99 162.00 165.80 17.90 23.84 57.54 70.85 101.98 102.67 104.54 118.91 117.16 0.00 12.56 81.75 67.13 121.37 124.86 107.02 161.29 88.46 59.44 73.19 104.03 174.42 179.78 58.68 65.42 16.32 19.59 28.12 34.32 88.10 159.09 169.33 9.90 23.45 75.41 8.35 87.00 102.00 79.34 172.53 165.79 196.10 33.66 76.32 76.86 81.82 80.93 75.50 71.90 72.89 72.01
142.32 144.29 149.58 148.06 139.70 143.33 145.14 139.32 127.69 58.67 92.21 102.75 204.32 112.98 98.26 102.86 102.86 100.80 98.27 101.86 176.60 128.71 135.61 122.24 187.09 183.71 110.01 104.18 124.32 179.19 73.49 22.74 25.42 203.36 205.40 196.53 104.36 174.07 177.75 24.71 16.90 61.62 74.21 113.85 115.20 117.08 131.08 129.37 12.56 0.00 85.72 70.46 133.53 136.58 118.53 173.70 101.01 68.93 81.16 115.82 186.94 192.31 63.90 68.38 22.27 23.14 38.93 43.45 100.65 171.38 181.84 18.14 23.85 79.40 4.21 99.10 114.35 91.74 184.63 177.75 208.66 44.49 85.50 85.14 91.22 90.17 83.33 76.55 75.60 76.02
117.03 121.46 124.90 131.52 117.89 121.80 126.50 140.76 140.71 101.64 111.50 126.96 191.16 136.80 123.33 130.72 130.72 128.30 125.67 101.09 162.11 92.90 105.23 88.81 163.56 159.86 124.50 112.95 95.68 159.33 20.74 80.98 84.14 196.01 198.03 190.63 93.97 184.51 190.09 63.88 102.56 24.25 11.94 136.98 109.76 111.59 106.37 105.94 81.75 85.72 0.00 15.52 107.79 100.89 84.10 149.12 102.02 43.39 29.88 87.17 166.87 172.59 23.77 18.03 65.48 63.03 62.51 52.90 106.50 176.15 176.14 71.86 62.02 6.35 84.15 121.73 127.15 87.64 193.11 190.00 194.24 99.01 40.66 32.64 44.14 42.29 28.75 10.54 12.61 9.75
120.00 124.06 128.00 133.14 120.15 124.14 128.39 139.14 136.95 91.28 105.47 120.76 193.35 131.01 116.84 124.03 124.03 121.59 118.88 98.24 164.07 97.24 108.86 92.39 167.32 163.63 119.91 108.90 98.50 162.29 18.06 67.22 70.62 197.17 199.23 191.44 92.66 182.20 187.53 49.40 87.34 10.08 3.75 131.31 108.31 110.23 108.81 108.08 67.13 70.46 15.52 0.00 110.51 105.55 87.64 152.82 98.87 38.76 31.37 89.52 170.01 175.76 12.81 2.83 50.81 48.04 50.44 40.95 102.67 174.73 176.67 57.31 46.67 9.53 69.05 115.59 122.97 84.54 191.29 187.45 196.72 86.97 42.38 35.54 47.34 45.45 31.49 9.57 6.60 6.60
9.57 13.66 17.58 24.76 10.45 14.14 19.39 46.36 59.43 90.76 61.69 68.86 83.37 71.12 69.33 74.33 74.33 73.30 72.64 38.61 54.43 17.86 6.88 19.42 57.14 53.47 56.05 48.07 12.11 51.78 92.45 111.94 110.83 88.80 90.78 83.93 30.67 87.31 93.53 112.80 142.96 106.77 110.63 70.30 29.33 28.95 2.55 4.62 121.37 133.53 107.79 110.51 0.00 14.91 23.94 42.70 40.53 75.51 79.37 21.00 59.50 65.25 100.70 112.50 115.33 117.99 95.72 95.27 45.36 75.98 70.15 116.37 122.97 107.00 129.43 66.04 54.41 43.07 93.31 93.38 86.48 103.41 68.22 75.67 63.82 65.71 79.75 102.73 114.71 106.72
19.74 24.89 26.14 37.38 23.64 26.28 32.04 61.21 74.17 99.00 73.13 81.88 92.07 85.00 81.89 87.41 87.41 86.18 85.26 49.30 64.27 8.45 8.14 14.49 62.81 59.13 69.60 60.57 13.71 59.50 87.67 115.97 115.37 99.05 100.95 94.81 39.27 101.40 107.64 114.41 147.41 103.10 105.19 84.25 42.41 42.42 16.13 17.92 124.86 136.58 100.89 105.55 14.91 0.00 18.77 48.51 51.37 73.69 74.20 20.88 66.67 72.30 96.97 107.78 117.00 119.15 97.89 95.97 56.90 89.70 81.83 118.86 123.65 100.91 132.62 78.62 68.35 50.22 106.88 107.49 94.65 110.47 63.40 70.04 58.21 60.10 74.12 97.10 109.07 101.09
32.96 37.53 40.81 48.47 34.31 38.08 43.19 65.40 73.92 84.79 63.89 75.35 107.18 80.65 74.36 80.84 80.84 79.19 77.74 40.56 78.35 10.40 21.25 4.75 79.75 76.05 64.92 53.98 12.08 75.23 69.64 98.44 98.11 112.73 114.72 107.80 29.07 108.55 114.66 95.97 129.93 84.71 87.51 80.13 38.92 39.81 22.89 22.98 107.02 118.53 84.10 87.64 23.94 18.77 0.00 65.25 42.64 54.93 56.29 7.28 82.80 88.53 78.58 89.77 98.57 100.59 79.69 77.38 48.81 98.01 93.85 100.66 105.00 83.58 114.63 71.25 64.88 36.81 115.42 114.53 110.18 95.01 45.29 52.35 40.45 42.35 56.45 79.50 91.50 83.50
33.13 29.91 25.16 26.76 34.39 30.56 28.68 51.14 70.65 125.15 90.98 91.61 44.61 88.80 93.98 96.15 96.15 96.14 96.66 72.94 21.59 56.25 44.00 60.50 14.51 10.81 78.06 76.03 54.44 12.42 134.77 151.47 149.86 53.81 55.46 51.27 69.37 72.14 77.93 154.23 181.63 149.38 152.75 87.67 59.87 58.25 44.72 45.91 161.29 173.70 149.12 152.82 42.70 48.51 65.25 0.00 74.24 118.20 121.51 63.58 18.43 23.90 143.30 154.89 156.70 159.63 136.96 137.29 76.64 59.12 42.11 157.18 164.84 148.81 169.54 91.02 74.44 81.97 73.31 77.74 46.64 139.31 110.44 117.60 105.70 107.60 121.70 144.75 156.75 148.75
46.66 46.82 52.29 47.74 42.44 45.33 45.67 41.30 38.77 51.34 21.81 32.86 103.66 39.38 31.72 38.29 38.29 36.58 35.11 2.11 75.60 47.49 45.82 42.46 86.83 83.63 24.27 12.26 38.10 78.47 82.32 78.37 76.36 103.92 106.00 97.40 13.60 83.38 88.66 84.26 107.70 91.93 100.35 39.07 14.43 16.19 38.08 35.93 88.46 101.01 102.02 98.87 40.53 51.37 42.64 74.24 0.00 60.11 72.43 35.51 86.13 91.40 86.66 99.99 86.48 90.12 67.16 70.28 6.23 76.60 82.43 85.70 95.93 98.90 96.80 28.61 25.85 14.40 92.69 88.59 107.88 65.13 62.71 70.70 61.64 63.02 74.01 93.78 104.61 97.36
85.07 88.57 93.05 96.46 84.35 88.35 92.05 100.49 98.33 61.75 68.12 83.57 156.70 93.47 79.94 87.34 87.34 84.93 82.31 59.48 127.40 65.27 75.21 59.41 132.60 128.94 81.58 70.33 64.06 126.66 22.80 53.62 55.13 159.67 161.74 153.73 54.33 143.44 148.76 44.46 83.26 32.44 40.29 93.67 69.81 71.76 73.49 72.42 59.44 68.93 43.39 38.76 75.51 73.69 54.93 118.20 60.11 0.00 17.66 54.84 134.51 140.24 26.79 39.97 47.05 47.94 31.86 25.48 64.02 136.08 138.84 50.92 51.42 39.39 65.59 78.34 84.47 45.78 152.57 148.69 160.32 63.12 16.96 19.52 22.39 21.52 20.13 34.16 44.54 37.52
88.81 92.98 96.79 102.47 89.18 93.15 97.59 110.88 111.19 79.41 83.45 98.88 162.50 108.34 95.52 103.00 103.00 100.63 98.10 71.42 133.29 65.87 77.53 61.04 136.02 132.32 95.39 83.65 67.31 131.15 13.53 68.78 70.81 166.81 168.85 161.29 64.10 154.65 160.25 56.50 96.66 29.78 31.27 108.43 79.88 81.71 77.75 77.13 73.19 81.16 29.88 31.37 79.37 74.20 56.29 121.51 72.43 17.66 0.00 58.44 138.83 144.58 23.81 33.59 58.89 58.58 47.21 39.05 77.15 146.29 146.68 63.88 60.57 27.88 78.31 93.65 97.84 58.12 163.23 160.16 165.76 80.47 11.17 4.63 16.00 14.12 2.51 23.38 35.34 27.36
30.54 34.54 38.55 44.38 30.76 34.71 39.32 59.04 66.85 79.25 56.93 68.14 104.10 73.37 67.22 73.63 73.63 72.02 70.61 33.42 74.96 13.81 20.48 7.52 78.06 74.38 57.64 46.73 9.22 72.77 71.46 95.10 94.50 108.90 110.91 103.68 22.00 102.56 108.61 93.96 126.53 85.81 89.68 72.85 31.75 32.72 19.31 18.77 104.03 115.82 87.17 89.52 21.00 20.88 7.28 63.58 35.51 54.84 58.44 0.00 80.50 86.25 79.73 91.50 96.54 98.85 77.25 75.80 41.65 92.36 89.43 98.18 103.55 86.16 111.83 64.09 57.61 30.69 109.75 108.49 107.32 90.10 47.28 54.83 43.06 44.94 58.90 81.82 93.78 85.81
50.02 46.03 42.05 39.08 50.16 46.16 42.76 55.16 74.26 135.57 100.22 98.15 26.33 93.45 101.16 102.04 102.04 102.47 103.45 85.14 13.89 74.19 61.65 78.06 7.52 9.52 85.25 85.65 71.53 7.89 151.95 164.41 162.48 36.65 38.11 35.38 83.45 63.55 68.65 168.61 193.76 166.16 170.10 92.26 71.79 69.96 61.27 62.16 174.42 186.94 166.87 170.01 59.50 66.67 82.80 18.43 86.13 134.51 138.83 80.50 0.00 5.75 160.11 172.00 171.01 174.18 151.29 152.36 87.47 51.12 30.23 171.00 179.60 166.34 182.74 98.50 81.16 95.67 62.24 68.45 28.20 150.25 127.70 135.04 123.16 125.06 139.14 162.16 174.15 166.16
55.77 51.78 47.79 44.63 55.89 51.89 48.42 59.22 78.01 140.50 105.00 102.40 21.55 97.30 105.54 106.14 106.14 106.65 107.73 90.46 17.36 79.87 67.36 83.79 11.01 14.07 89.69 90.55 77.28 13.58 157.70 169.74 167.76 32.99 34.25 32.70 89.01 63.81 68.58 174.14 198.94 171.90 175.84 96.11 77.11 75.25 67.02 67.90 179.78 192.31 172.59 175.76 65.25 72.30 88.53 23.90 91.40 140.24 144.58 86.25 5.75 0.00 165.86 177.75 176.53 179.74 156.82 157.98 92.57 51.83 30.07 176.46 185.18 172.08 188.11 102.94 85.54 101.17 61.53 68.38 22.92 155.26 133.45 140.79 128.90 130.80 144.88 167.91 179.90 171.90
110.26 114.08 118.27 122.60 110.02 114.02 118.02 127.25 124.49 78.95 92.72 107.98 182.89 118.25 104.04 111.23 111.23 108.79 106.07 86.12 153.58 88.55 99.60 83.27 157.79 154.10 107.32 96.44 88.86 152.32 11.18 57.32 60.40 186.22 188.29 180.35 81.09 170.04 175.29 40.80 80.48 6.13 15.43 118.56 96.60 98.54 98.85 97.97 58.68 63.90 23.77 12.81 100.70 96.97 78.58 143.30 86.66 26.79 23.81 79.73 160.11 165.86 0.00 13.42 42.64 40.79 38.87 29.25 90.27 162.84 165.50 48.79 40.97 17.70 61.86 102.82 110.45 72.42 179.26 175.22 186.39 75.45 33.72 28.43 39.35 37.56 24.87 13.40 19.28 14.55
122.01 126.01 130.02 134.95 122.07 126.06 130.25 140.45 137.90 90.92 106.05 121.27 195.20 131.59 117.30 124.45 124.45 122.01 119.28 99.42 165.90 99.45 110.97 94.51 169.39 165.70 120.74 109.85 100.52 164.26 20.14 65.87 69.36 198.87 200.93 193.09 94.11 183.36 188.65 47.81 85.27 9.41 6.09 131.91 109.70 111.63 110.76 110.00 65.42 68.38 18.03 2.83 112.50 107.78 89.77 154.89 99.99 39.97 33.59 91.50 172.00 177.75 13.42 0.00 49.11 46.17 49.75 40.37 103.67 176.05 178.29 55.66 44.54 12.22 67.08 116.13 123.86 85.72 192.54 188.57 198.60 86.15 44.49 37.85 49.58 47.70 33.84 12.35 7.52 9.41
124.46 126.91 132.02 131.93 122.36 126.15 128.53 126.75 117.61 53.64 81.94 94.69 190.04 105.34 90.19 95.96 95.96 93.67 90.95 86.98 161.56 108.90 116.76 102.54 170.52 167.02 99.50 91.78 105.36 163.15 51.63 18.69 22.76 190.30 192.37 183.68 87.59 164.69 168.95 2.62 38.13 41.25 54.53 106.04 100.06 102.02 112.97 111.41 16.32 22.27 65.48 50.81 115.33 117.00 98.57 156.70 86.48 47.05 58.89 96.54 171.01 176.53 42.64 49.11 0.00 4.69 19.74 21.72 87.28 160.52 168.76 6.61 10.75 59.13 19.54 90.32 103.60 75.37 174.98 168.93 194.18 43.25 63.40 62.87 69.19 68.08 61.07 55.74 56.59 55.74
127.20 129.78 134.83 135.11 125.25 129.08 131.61 130.62 121.81 58.30 86.19 99.11 193.54 109.78 94.62 100.46 100.46 98.16 95.44 90.55 164.94 110.96 119.18 104.66 173.54 170.02 103.68 95.75 107.78 166.31 50.38 23.19 27.29 194.02 196.09 187.43 90.73 168.91 173.22 6.05 39.71 38.80 51.79 110.47 103.53 105.50 115.65 114.15 19.59 23.14 63.03 48.04 117.99 119.15 100.59 159.63 90.12 47.94 58.58 98.85 174.18 179.74 40.79 46.17 4.69 0.00 23.01 23.24 91.11 164.58 172.49 10.61 6.18 56.69 21.14 94.70 107.75 78.66 179.16 173.20 197.65 47.91 63.86 62.73 69.75 68.54 60.66 53.59 53.59 53.29
104.79 107.18 112.32 112.21 102.63 106.41 108.79 107.85 99.83 41.79 64.58 78.36 170.53 89.06 73.96 80.33 80.33 77.95 75.18 67.56 141.94 89.92 97.32 83.48 150.77 147.28 81.70 73.20 85.96 143.43 44.25 21.78 23.60 171.08 173.15 164.53 67.85 146.93 151.44 17.32 51.88 40.43 53.74 89.65 80.52 82.49 93.33 91.75 28.12 38.93 62.51 50.44 95.72 97.89 79.69 136.96 67.16 31.86 47.21 77.25 151.29 156.82 38.87 49.75 19.74 23.01 0.00 9.62 68.34 142.13 149.57 20.98 28.77 56.56 35.15 73.66 85.64 55.69 157.04 151.40 174.64 36.60 48.82 50.35 54.10 53.34 49.66 51.99 56.98 53.41
104.59 107.39 112.33 113.39 102.91 106.80 109.63 111.49 104.94 50.67 70.42 84.83 172.62 95.47 80.54 87.23 87.23 84.81 82.04 70.40 143.70 87.76 96.20 81.48 151.37 147.81 86.94 77.59 84.80 144.47 34.90 29.92 32.35 173.91 175.99 167.52 69.12 151.84 156.58 19.10 58.04 31.00 44.20 95.98 82.88 84.87 92.99 91.56 34.32 43.45 52.90 40.95 95.27 95.97 77.38 137.29 70.28 25.48 39.05 75.80 152.36 157.98 29.25 40.37 21.72 23.24 9.62 0.00 72.24 146.35 152.52 25.47 27.75 46.94 40.14 79.93 90.67 57.65 161.74 156.53 176.59 46.20 42.15 42.58 47.80 46.81 41.42 42.38 47.52 43.79
50.77 50.41 55.83 49.90 46.21 48.77 48.45 39.51 34.31 48.51 16.35 26.63 103.67 33.32 25.58 32.07 32.07 30.38 28.98 8.26 76.28 53.38 50.99 48.51 88.69 85.61 18.57 6.54 43.85 79.97 86.52 77.91 75.62 103.12 105.18 96.44 19.81 80.09 85.16 85.16 106.41 95.36 104.31 33.06 17.22 18.56 42.99 40.83 88.10 100.65 106.50 102.67 45.36 56.90 48.81 76.64 6.23 64.02 77.15 41.65 87.47 92.57 90.27 103.67 87.28 91.11 68.34 72.24 0.00 74.11 81.56 86.03 97.05 103.15 96.45 22.44 20.69 19.12 89.72 85.10 108.03 62.88 67.75 75.65 66.99 68.31 78.83 97.99 108.56 101.48
70.13 65.05 65.51 52.50 66.12 63.48 57.72 35.60 43.77 113.70 79.22 69.73 45.98 60.84 74.01 71.25 71.25 72.74 74.82 76.89 38.87 93.82 81.85 94.22 58.00 58.07 61.41 68.93 86.21 49.68 157.53 148.92 145.97 37.47 39.08 30.60 82.28 13.03 18.99 158.56 173.91 168.29 175.91 59.74 66.51 64.64 76.06 75.40 159.09 171.38 176.15 174.73 75.98 89.70 98.01 59.12 76.60 136.08 146.29 92.36 51.12 51.83 162.84 176.05 160.52 164.58 142.13 146.35 74.11 0.00 22.22 158.54 170.62 173.80 167.27 72.65 57.13 90.53 17.41 18.80 50.67 128.85 135.59 143.69 132.90 134.61 147.44 168.86 180.18 172.62
